# This file uses centimeters as units for non-parametric coordinates.

mtllib model7_raw_mtl
g default
v 0.506571 1.457918 -0.235383
v 0.780800 1.024694 -0.350803
v -0.861920 -0.002617 -0.597972
v -1.013865 -0.002617 -0.053921
v -0.488999 0.884382 -0.773742
v -0.361188 1.457918 -0.481640
v 0.372497 0.957458 0.754805
v 0.223955 1.457918 0.468876
v -0.829133 0.803200 0.338015
v 0.573379 0.610908 0.708535
v 1.001456 0.392015 -0.071245
v -0.906468 -0.002617 0.273467
v -0.803904 0.523840 0.474274
v 0.239776 0.598976 0.862830
v 0.234002 -0.002617 0.672335
v 0.352069 0.395265 0.838281
v 0.666243 0.552694 -0.593852
v -0.340402 -0.002617 -0.843780
v -0.145656 0.303151 -0.935570
v 0.958108 0.207768 -0.163905
v 0.799062 -0.002617 -0.116732
v 0.246788 1.380989 0.512828
v -0.473038 1.457918 -0.081151
v 0.213992 1.457918 0.464843
v -0.673169 1.156685 0.241656
v 0.174885 0.255321 0.560252
v 0.255666 0.116880 0.367061
v 0.279363 0.459278 0.457782
v 0.360144 0.320837 0.264592
v 0.386022 0.208410 0.682154
v 0.476678 0.067775 0.494665
v 0.500392 0.151438 0.685366
v 0.653283 0.191687 0.693732
v 0.533088 0.402905 0.604273
v 0.704747 0.299783 0.574042
v 0.563765 0.296535 0.693325
v 0.659233 0.221915 0.695060
v 0.461151 0.298395 0.322909
v 0.479516 0.068679 0.495203
v 0.686004 0.173551 0.630080
v 0.679277 0.296278 0.541096
v 0.719232 0.259368 0.605553
v 0.712240 0.290824 0.577511
v 0.102818 1.530513 0.026598
v 0.131685 1.363425 0.056553
v 0.015461 1.244251 0.022119
v -0.103107 1.272821 0.091531
v 0.132960 1.345661 0.069903
v 0.087080 1.248244 0.090574
v 0.001138 1.265587 0.116032
v 0.023408 1.546320 0.006890
v 0.030783 1.491015 0.001517
v -0.090465 1.348932 0.011647
v -0.022151 1.323845 -0.001882
v -0.129559 1.338730 0.031129
v -0.046386 1.531837 0.060236
v -0.066684 1.515658 0.019989
v -0.094271 1.443227 0.019310
v 0.013751 1.232683 0.028289
v 0.069750 1.222309 0.090995
v -0.124793 1.274979 0.076354
v -0.006535 1.245382 0.114821
v -0.080135 1.264313 0.097127
v -0.140437 1.278374 0.064913
v -0.140704 1.278385 0.064143
v 0.068812 1.566446 0.022061
v 0.098939 1.548350 0.027919
v -0.029956 1.407152 0.104740
v -0.028239 1.540692 0.070076
v 0.094450 1.534605 0.069285
v -0.006972 1.382016 0.110815
v 0.093075 1.543243 0.067071
v 0.050670 1.568155 0.061430
v 0.265033 0.700808 0.026883
v 0.126931 0.743131 -0.308374
v 0.473320 0.949030 -0.027581
v 0.335218 0.991354 -0.362837
v 0.555372 0.423250 -0.127756
v 0.430849 0.452593 -0.470246
v 0.647374 0.311804 -0.283840
v 0.861123 0.265706 -0.410274
v 0.822223 0.615487 -0.213412
v 0.923890 0.469922 -0.488032
v 0.836090 0.406192 -0.245546
v 0.891787 0.289244 -0.394950
v 0.474115 0.858572 -0.436816
v 0.435187 0.451466 -0.472175
v 0.843510 0.302015 -0.508514
v 0.869913 0.514700 -0.490377
v 0.930917 0.391543 -0.505096
v 0.928109 0.454276 -0.499160
v -0.404088 0.965388 0.283478
v -0.296112 0.873168 0.258642
v -0.337979 1.064610 0.202456
v -0.230003 0.972390 0.177621
v -0.306571 1.035134 0.448461
v -0.194035 0.946176 0.431342
v -0.235238 1.041769 0.514790
v -0.152224 1.106487 0.566843
v -0.220792 1.148425 0.400718
v -0.103399 1.141005 0.487417
v -0.214448 1.130201 0.495972
v -0.152033 1.122756 0.559853
v -0.183352 1.005757 0.256548
v -0.192604 0.947550 0.432460
v -0.115773 1.090776 0.551940
v -0.109788 1.123548 0.460826
v -0.098771 1.134285 0.523497
v -0.099017 1.139824 0.495245
v 0.421965 0.655413 0.145665
v 0.539013 0.555444 0.118743
v 0.493629 0.762973 0.057836
v 0.610678 0.663004 0.030914
v 0.527676 0.731020 0.324512
v 0.649669 0.634587 0.305955
v 0.605003 0.738213 0.396415
v 0.694993 0.808369 0.452842
v 0.620663 0.853831 0.272758
v 0.747921 0.845788 0.366742
v 0.627540 0.834075 0.376016
v 0.695199 0.826005 0.445265
v 0.661249 0.699174 0.116473
v 0.651220 0.636077 0.307167
v 0.734507 0.791338 0.436686
v 0.740995 0.826863 0.337916
v 0.752938 0.838503 0.405854
v 0.752671 0.844508 0.375228
v 0.259301 1.530999 -0.171887
v 0.192554 1.411425 -0.146053
v 0.206873 1.279366 -0.132697
v 0.202181 1.263648 -0.238482
v 0.180181 1.398341 -0.152132
v 0.153568 1.307826 -0.162529
v 0.163178 1.293266 -0.218435
v 0.292278 1.516416 -0.188745
v 0.279217 1.475773 -0.168702
v 0.263799 1.325229 -0.187598
v 0.249469 1.328169 -0.145888
v 0.259042 1.304722 -0.215117
v 0.274386 1.483118 -0.253674
v 0.297221 1.462895 -0.224918
v 0.284934 1.397411 -0.217369
v 0.200797 1.269944 -0.135554
v 0.150473 1.281913 -0.163078
v 0.216097 1.257771 -0.234704
v 0.160316 1.274984 -0.215500
v 0.191675 1.264807 -0.232594
v 0.226890 1.254948 -0.232017
v 0.227383 1.254851 -0.231497
v 0.278839 1.547505 -0.189115
v 0.264081 1.543599 -0.178567
v 0.213350 1.392680 -0.254066
v 0.267116 1.496257 -0.257049
v 0.238398 1.532342 -0.210214
v 0.198243 1.380930 -0.244639
v 0.242194 1.538549 -0.210972
v 0.261365 1.543669 -0.227781
v 0.456382 0.168787 0.178466
v 0.536017 0.100772 0.160150
v 0.513063 0.247077 0.134182
v 0.592698 0.179062 0.115865
v 0.515546 0.201900 0.312734
v 0.597948 0.135434 0.300697
v 0.562525 0.198703 0.367211
v 0.620182 0.238987 0.417744
v 0.584161 0.286870 0.295533
v 0.663003 0.270280 0.367113
v 0.580748 0.264553 0.363564
v 0.621159 0.251525 0.414221
v 0.621002 0.194904 0.180098
v 0.598929 0.136297 0.301754
v 0.647850 0.227906 0.408284
v 0.660201 0.260148 0.345616
v 0.663344 0.261900 0.393074
v 0.665557 0.268574 0.373038
v -0.137678 0.560921 0.445509
v -0.316604 0.621071 0.421924
v -0.171612 0.381959 0.246540
v -0.350539 0.442108 0.222955
v -0.231165 0.359954 0.642213
v -0.414464 0.410704 0.627829
v -0.319303 0.286988 0.722874
v -0.394166 0.123253 0.747535
v -0.283957 0.140454 0.482922
v -0.437168 0.050968 0.589540
v -0.302941 0.146102 0.641352
v -0.386502 0.100584 0.728018
v -0.395263 0.345966 0.317058
v -0.415637 0.407466 0.628471
v -0.447079 0.122183 0.721295
v -0.436779 0.085634 0.558294
v -0.447070 0.051221 0.648800
v -0.443430 0.048160 0.601260
v -0.211262 0.872164 0.502355
v -0.255663 0.740204 0.562710
v -0.339237 0.692943 0.423399
v -0.531916 0.865019 0.467729
v -0.275232 0.736759 0.585317
v -0.362333 0.707634 0.585998
v -0.470318 0.806827 0.575566
v -0.254873 0.924085 0.418990
v -0.251676 0.867980 0.411511
v -0.402108 0.846069 0.343731
v -0.327139 0.763977 0.362844
v -0.464937 0.883401 0.351473
v -0.390468 1.010817 0.464669
v -0.359676 0.975089 0.382219
v -0.397636 0.934083 0.359522
v -0.351010 0.690208 0.432197
v -0.383566 0.698891 0.574251
v -0.531502 0.868444 0.428146
v -0.479558 0.794437 0.567508
v -0.519911 0.846637 0.491452
v -0.530212 0.871991 0.398850
v -0.529452 0.871486 0.397366
v -0.229475 0.922179 0.474901
v -0.213122 0.890956 0.503108
v -0.457051 0.936269 0.544220
v -0.385074 1.014184 0.493500
v -0.273595 0.920604 0.570029
v -0.448813 0.904511 0.567857
v -0.270328 0.926734 0.565850
v -0.296840 0.972600 0.530559
v 0.674119 1.154364 0.339566
v 0.591639 0.990886 0.388163
v 0.479013 0.906630 0.251139
v 0.290696 1.069161 0.300877
v 0.567945 0.983641 0.409168
v 0.457638 0.928801 0.406583
v 0.352161 1.020980 0.401021
v 0.632980 1.200788 0.262644
v 0.623612 1.134362 0.252094
v 0.438572 1.069131 0.183694
v 0.508920 0.990145 0.198045
v 0.372689 1.099387 0.192354
v 0.492701 1.275207 0.309315
v 0.519648 1.234780 0.229053
v 0.464613 1.175793 0.204265
v 0.464526 0.901186 0.259158
v 0.430171 0.912741 0.394502
v 0.291336 1.070878 0.263384
v 0.338163 1.003601 0.392424
v 0.301082 1.051567 0.322537
v 0.293213 1.073578 0.235714
v 0.293976 1.073063 0.234281
v 0.663646 1.207892 0.316210
v 0.676290 1.176321 0.341417
v 0.397517 1.176021 0.379395
v 0.500369 1.282251 0.337080
v 0.612389 1.201655 0.406021
v 0.400314 1.141644 0.400082
v 0.617630 1.209443 0.402472
v 0.596200 1.255624 0.371258
v 0.314880 1.086088 -0.580767
v 0.311767 0.989458 -0.417848
v 0.140774 0.905470 -0.370240
v 0.048676 1.128697 -0.292515
v 0.313510 0.998751 -0.386772
v 0.245658 0.987706 -0.284519
v 0.168202 1.101759 -0.259107
v 0.226246 1.112898 -0.615261
v 0.216864 1.054561 -0.581791
v 0.051717 1.036348 -0.457019
v 0.112821 0.948873 -0.459811
v 0.014625 1.088184 -0.421406
v 0.168353 1.242071 -0.529488
v 0.126296 1.169001 -0.570648
v 0.076537 1.127577 -0.516510
v 0.138189 0.908542 -0.353278
v 0.220105 0.978767 -0.263892
v 0.020027 1.116541 -0.313503
v 0.153945 1.088337 -0.245380
v 0.073196 1.117625 -0.279757
v -0.000330 1.108338 -0.330672
v -0.000917 1.107117 -0.331704
v 0.286466 1.127822 -0.611933
v 0.316134 1.105100 -0.592045
v 0.169259 1.213355 -0.377884
v 0.194130 1.255530 -0.523680
v 0.323815 1.172022 -0.526006
v 0.189413 1.189927 -0.352144
v 0.323840 1.175738 -0.535329
v 0.282953 1.211999 -0.559404
v -0.239507 0.554082 -0.092358
v -0.598278 0.621423 -0.095355
v -0.182634 0.851398 -0.220159
v -0.541405 0.918739 -0.223155
v -0.267192 0.388944 -0.488857
v -0.627258 0.448562 -0.510398
v -0.373388 0.333680 -0.664683
v -0.395838 0.365096 -0.914300
v -0.215903 0.652950 -0.696635
v -0.426183 0.589080 -0.938801
v -0.250853 0.462853 -0.784219
v -0.367284 0.392243 -0.927600
v -0.554649 0.839738 -0.412838
v -0.627154 0.448902 -0.515264
v -0.489561 0.413196 -0.927789
v -0.449326 0.618928 -0.879661
v -0.442980 0.519253 -0.975214
v -0.435229 0.577234 -0.951618
v -0.418108 1.093910 -0.519811
v -0.402827 0.949246 -0.500495
v -0.528771 0.875481 -0.536803
v -0.634497 0.925144 -0.420164
v -0.402045 0.934296 -0.484534
v -0.453349 0.863553 -0.457764
v -0.532456 0.896659 -0.406749
v -0.494995 1.124141 -0.530467
v -0.493373 1.076668 -0.544114
v -0.622358 0.985181 -0.522101
v -0.559918 0.949524 -0.554740
v -0.659296 0.985273 -0.490017
v -0.558982 1.127475 -0.448033
v -0.583544 1.118294 -0.499692
v -0.616794 1.064217 -0.502403
v -0.530933 0.866286 -0.529328
v -0.472385 0.845808 -0.456515
v -0.656544 0.931570 -0.436363
v -0.541799 0.881564 -0.408874
v -0.612621 0.913136 -0.417587
v -0.672324 0.937727 -0.448538
v -0.672649 0.937791 -0.449519
v -0.448044 1.131052 -0.516446
v -0.420115 1.109545 -0.515692
v -0.550577 1.020722 -0.403101
v -0.539814 1.130925 -0.437306
v -0.422085 1.099291 -0.460887
v -0.530159 0.994925 -0.401435
v -0.422819 1.106742 -0.462795
v -0.461954 1.136561 -0.460427
v -0.580901 0.469444 -0.225887
v -0.625303 0.337484 -0.165533
v -0.708877 0.290223 -0.304843
v -0.901556 0.462299 -0.260513
v -0.644872 0.334039 -0.142925
v -0.731973 0.304914 -0.142245
v -0.839957 0.404107 -0.152676
v -0.624513 0.521365 -0.309252
v -0.621316 0.465260 -0.316731
v -0.771748 0.443349 -0.384511
v -0.696779 0.361257 -0.365399
v -0.834577 0.480681 -0.376769
v -0.760108 0.608096 -0.263574
v -0.729316 0.572369 -0.346023
v -0.767276 0.531362 -0.368721
v -0.720650 0.287488 -0.296045
v -0.753206 0.296170 -0.153992
v -0.901141 0.465724 -0.300097
v -0.849198 0.391717 -0.160735
v -0.889551 0.443917 -0.236790
v -0.899852 0.469271 -0.329393
v -0.899091 0.468766 -0.330877
v -0.599115 0.519459 -0.253342
v -0.582761 0.488236 -0.225134
v -0.826691 0.533549 -0.184022
v -0.754714 0.611463 -0.234743
v -0.643235 0.517884 -0.158213
v -0.818453 0.501791 -0.160385
v -0.639968 0.524014 -0.162393
v -0.666479 0.569880 -0.197683
v -0.803891 0.617690 -0.131770
v -0.773149 0.595308 -0.098605
v -0.738277 0.642515 -0.109192
v -0.718481 0.598887 -0.204587
v -0.768422 0.584749 -0.101053
v -0.741159 0.576861 -0.112005
v -0.729120 0.565904 -0.167841
v -0.797840 0.643310 -0.161398
v -0.789162 0.648811 -0.143667
v -0.744005 0.660625 -0.174323
v -0.750663 0.664194 -0.130962
v -0.734202 0.649755 -0.199922
v -0.778842 0.608426 -0.217296
v -0.777670 0.644803 -0.202764
v -0.760232 0.651391 -0.199789
v -0.735134 0.638042 -0.110667
v -0.733772 0.579601 -0.114681
v -0.717582 0.614056 -0.207258
v -0.724379 0.568583 -0.166482
v -0.719506 0.591702 -0.195135
v -0.717337 0.625342 -0.209322
v -0.717392 0.626012 -0.209056
v -0.806305 0.624393 -0.152573
v -0.806524 0.616444 -0.137965
v -0.752551 0.574049 -0.206115
v -0.781931 0.597714 -0.215854
v -0.798412 0.583300 -0.158097
v -0.750404 0.567063 -0.193401
v -0.800097 0.584993 -0.159421
v -0.799376 0.594048 -0.181184
v 0.391330 1.050559 -0.570316
v 0.330185 1.041588 -0.445411
v 0.348055 1.007493 -0.317579
v 0.330261 0.903938 -0.338052
v 0.317340 1.032871 -0.434445
v 0.290986 0.995400 -0.351314
v 0.293666 0.937168 -0.356944
v 0.422126 1.026107 -0.564146
v 0.412314 1.032474 -0.518458
v 0.396889 0.965370 -0.382379
v 0.387905 1.006936 -0.370321
v 0.388998 0.933248 -0.372066
v 0.396668 0.956208 -0.553619
v 0.423256 0.973569 -0.526251
v 0.413005 0.959735 -0.461447
v 0.341809 1.002313 -0.309333
v 0.288235 0.986424 -0.326958
v 0.344629 0.903880 -0.332050
v 0.291472 0.934014 -0.338606
v 0.320567 0.911025 -0.336565
v 0.355716 0.904200 -0.329110
v 0.356273 0.904595 -0.328872
v 0.408284 1.037869 -0.592734
v 0.395038 1.048066 -0.584679
v 0.337434 0.932021 -0.465239
v 0.388833 0.958356 -0.566691
v 0.365730 1.017621 -0.583256
v 0.323818 0.938543 -0.450165
v 0.369307 1.018592 -0.589563
v 0.386120 1.002462 -0.601114
v -0.096166 0.553477 -0.465239
v -0.245695 0.598005 -0.456434
v -0.052135 0.688410 -0.399867
v -0.201664 0.732938 -0.391062
v -0.080569 0.645486 -0.665660
v -0.229368 0.694317 -0.666228
v -0.112850 0.697769 -0.751832
v -0.100852 0.798254 -0.829051
v -0.033392 0.798978 -0.640715
v -0.104569 0.878813 -0.757559
v -0.047039 0.773167 -0.741944
v -0.086807 0.809697 -0.822705
v -0.194202 0.776955 -0.486943
v -0.228913 0.696158 -0.667810
v -0.137901 0.823951 -0.820137
v -0.118278 0.868423 -0.726880
v -0.110910 0.871096 -0.796394
v -0.107723 0.880265 -0.766732
vt 0.582532 0.369792
vt 0.646981 0.305343
vt 0.743004 0.175845
vt 0.683220 0.412681
vt 0.427773 0.750000
vt 0.186051 0.000000
vt 0.375000 0.811051
vt 0.486670 0.598172
vt 0.485395 0.454468
vt 0.507932 0.431932
vt 0.504895 0.164336
vt 0.504895 0.506991
vt 0.503116 0.295997
vt 0.290299 0.180280
vt 0.247951 0.137932
vt 0.540406 0.105017
vt 0.540406 0.684949
vt 0.659799 0.158528
vt 0.682764 0.067549
vt 0.241462 0.000000
vt 0.375000 0.866462
vt 0.291996 0.417348
vt 0.272551 0.090114
vt 0.475738 0.317686
vt 0.475738 0.102975
vt 0.479341 0.973570
vt 0.503760 0.723558
vt 0.495491 0.068106
vt 0.495491 0.085247
vt 0.781390 0.095053
vt 0.656471 0.589923
vt 0.510138 0.750000
vt 0.540895 0.697662
vt 0.697340 0.036012
vt 0.685096 0.084514
vt 0.601346 0.921175
vt 0.679844 0.117498
vt 0.503389 0.328430
vt 0.446548 0.409527
vt 0.461154 0.394921
vt 0.502202 0.296997
vt 0.502074 0.297125
vt 0.347882 0.264672
vt 0.367366 0.284157
vt 0.375000 0.000000
vt 0.625000 0.000000
vt 0.625000 0.134126
vt 0.440483 0.184700
vt 0.375000 0.128134
vt 0.375000 0.750000
vt 0.625000 0.750000
vt 0.625000 1.000000
vt 0.375000 1.000000
vt 0.875000 0.000000
vt 0.875000 0.061299
vt 0.626688 0.135420
vt 0.125000 0.000000
vt 0.234558 0.200382
vt 0.125000 0.153979
vt 0.375000 0.596021
vt 0.509824 0.518284
vt 0.528839 0.537469
vt 0.625000 0.688701
vt 0.326324 0.250000
vt 0.368424 0.250000
vt 0.527051 0.495125
vt 0.445251 0.368928
vt 0.550122 0.422881
vt 0.625000 0.137109
vt 0.476717 0.313823
vt 0.530200 0.367306
vt 0.512513 0.460491
vt 0.460965 0.342541
vt 0.088496 0.752850
vt 0.193677 0.660600
vt 0.208206 0.739227
vt 0.128340 0.797121
vt 0.087660 0.781503
vt 0.029405 0.514976
vt 0.152386 0.314384
vt 0.225009 0.410703
vt 0.947694 0.331731
vt 0.797158 0.321083
vt 0.799662 0.290754
vt 0.956632 0.287445
vt 0.710258 0.478576
vt 0.648022 0.505984
vt 0.579344 0.298652
vt 0.633523 0.294034
vt 0.350901 0.418923
vt 0.171640 0.293319
vt 0.499430 0.295548
vt 0.421709 0.389357
vt 0.384401 0.646219
vt 0.559292 0.670069
vt 0.589878 0.689246
vt 0.436516 0.777178
vt 0.501637 0.295420
vt 0.534713 0.295288
vt 0.406557 0.537167
vt 0.392434 0.490102
vt 0.485561 0.765407
vt 0.502897 0.752890
vt 0.375000 0.000000
vt 0.625000 0.000000
vt 0.625000 0.134126
vt 0.440483 0.184700
vt 0.375000 0.128134
vt 0.375000 0.750000
vt 0.625000 0.750000
vt 0.625000 1.000000
vt 0.375000 1.000000
vt 0.875000 0.000000
vt 0.875000 0.061299
vt 0.626688 0.135420
vt 0.125000 0.000000
vt 0.234558 0.200382
vt 0.125000 0.153979
vt 0.375000 0.596021
vt 0.509824 0.518284
vt 0.528839 0.537469
vt 0.625000 0.688701
vt 0.326324 0.250000
vt 0.368424 0.250000
vt 0.527051 0.495125
vt 0.445251 0.368928
vt 0.550122 0.422881
vt 0.625000 0.137109
vt 0.476717 0.313823
vt 0.530200 0.367306
vt 0.512513 0.460491
vt 0.460965 0.342541
vt 0.375000 0.000000
vt 0.625000 0.000000
vt 0.625000 0.134126
vt 0.440483 0.184700
vt 0.375000 0.128134
vt 0.375000 0.750000
vt 0.625000 0.750000
vt 0.625000 1.000000
vt 0.375000 1.000000
vt 0.875000 0.000000
vt 0.875000 0.061299
vt 0.626688 0.135420
vt 0.125000 0.000000
vt 0.234558 0.200382
vt 0.125000 0.153979
vt 0.375000 0.596021
vt 0.509824 0.518284
vt 0.528839 0.537469
vt 0.625000 0.688701
vt 0.326324 0.250000
vt 0.368424 0.250000
vt 0.527051 0.495125
vt 0.445251 0.368928
vt 0.550122 0.422881
vt 0.625000 0.137109
vt 0.476717 0.313823
vt 0.530200 0.367306
vt 0.512513 0.460491
vt 0.460965 0.342541
vt 0.375000 0.000000
vt 0.625000 0.000000
vt 0.625000 0.134126
vt 0.440483 0.184700
vt 0.375000 0.128134
vt 0.375000 0.750000
vt 0.625000 0.750000
vt 0.625000 1.000000
vt 0.375000 1.000000
vt 0.875000 0.000000
vt 0.875000 0.061299
vt 0.626688 0.135420
vt 0.125000 0.000000
vt 0.234558 0.200382
vt 0.125000 0.153979
vt 0.375000 0.596021
vt 0.509824 0.518284
vt 0.528839 0.537469
vt 0.625000 0.688701
vt 0.326324 0.250000
vt 0.368424 0.250000
vt 0.527051 0.495125
vt 0.445251 0.368928
vt 0.550122 0.422881
vt 0.625000 0.137109
vt 0.476717 0.313823
vt 0.530200 0.367306
vt 0.512513 0.460491
vt 0.460965 0.342541
vt 0.088496 0.752850
vt 0.193677 0.660600
vt 0.208206 0.739227
vt 0.128340 0.797121
vt 0.087660 0.781503
vt 0.029405 0.514976
vt 0.152386 0.314384
vt 0.225009 0.410703
vt 0.947694 0.331731
vt 0.797158 0.321083
vt 0.799662 0.290754
vt 0.956632 0.287445
vt 0.710258 0.478576
vt 0.648022 0.505984
vt 0.579344 0.298652
vt 0.633523 0.294034
vt 0.350901 0.418923
vt 0.171640 0.293319
vt 0.499430 0.295548
vt 0.421709 0.389357
vt 0.384401 0.646219
vt 0.559292 0.670069
vt 0.589878 0.689246
vt 0.436516 0.777178
vt 0.501637 0.295420
vt 0.534713 0.295288
vt 0.406557 0.537167
vt 0.392434 0.490102
vt 0.485561 0.765407
vt 0.502897 0.752890
vt 0.375000 0.000000
vt 0.625000 0.000000
vt 0.625000 0.134126
vt 0.440483 0.184700
vt 0.375000 0.128134
vt 0.375000 0.750000
vt 0.625000 0.750000
vt 0.625000 1.000000
vt 0.375000 1.000000
vt 0.875000 0.000000
vt 0.875000 0.061299
vt 0.626688 0.135420
vt 0.125000 0.000000
vt 0.234558 0.200382
vt 0.125000 0.153979
vt 0.375000 0.596021
vt 0.509824 0.518284
vt 0.528839 0.537469
vt 0.625000 0.688701
vt 0.326324 0.250000
vt 0.368424 0.250000
vt 0.527051 0.495125
vt 0.445251 0.368928
vt 0.550122 0.422881
vt 0.625000 0.137109
vt 0.476717 0.313823
vt 0.530200 0.367306
vt 0.512513 0.460491
vt 0.460965 0.342541
vt 0.375000 0.000000
vt 0.625000 0.000000
vt 0.625000 0.134126
vt 0.440483 0.184700
vt 0.375000 0.128134
vt 0.375000 0.750000
vt 0.625000 0.750000
vt 0.625000 1.000000
vt 0.375000 1.000000
vt 0.875000 0.000000
vt 0.875000 0.061299
vt 0.626688 0.135420
vt 0.125000 0.000000
vt 0.234558 0.200382
vt 0.125000 0.153979
vt 0.375000 0.596021
vt 0.509824 0.518284
vt 0.528839 0.537469
vt 0.625000 0.688701
vt 0.326324 0.250000
vt 0.368424 0.250000
vt 0.527051 0.495125
vt 0.445251 0.368928
vt 0.550122 0.422881
vt 0.625000 0.137109
vt 0.476717 0.313823
vt 0.530200 0.367306
vt 0.512513 0.460491
vt 0.460965 0.342541
vt 0.088496 0.752850
vt 0.193677 0.660600
vt 0.208206 0.739227
vt 0.128340 0.797121
vt 0.087660 0.781503
vt 0.029405 0.514976
vt 0.152386 0.314384
vt 0.225009 0.410703
vt 0.947694 0.331731
vt 0.797158 0.321083
vt 0.799662 0.290754
vt 0.956632 0.287445
vt 0.710258 0.478576
vt 0.648022 0.505984
vt 0.579344 0.298652
vt 0.633523 0.294034
vt 0.350901 0.418923
vt 0.171640 0.293319
vt 0.499430 0.295548
vt 0.421709 0.389357
vt 0.384401 0.646219
vt 0.559292 0.670069
vt 0.589878 0.689246
vt 0.436516 0.777178
vt 0.501637 0.295420
vt 0.534713 0.295288
vt 0.406557 0.537167
vt 0.392434 0.490102
vt 0.485561 0.765407
vt 0.502897 0.752890
vt 0.088496 0.752850
vt 0.193677 0.660600
vt 0.208206 0.739227
vt 0.128340 0.797121
vt 0.087660 0.781503
vt 0.029405 0.514976
vt 0.152386 0.314384
vt 0.225009 0.410703
vt 0.947694 0.331731
vt 0.797158 0.321083
vt 0.799662 0.290754
vt 0.956632 0.287445
vt 0.710258 0.478576
vt 0.648022 0.505984
vt 0.579344 0.298652
vt 0.633523 0.294034
vt 0.350901 0.418923
vt 0.171640 0.293319
vt 0.499430 0.295548
vt 0.421709 0.389357
vt 0.384401 0.646219
vt 0.559292 0.670069
vt 0.589878 0.689246
vt 0.436516 0.777178
vt 0.501637 0.295420
vt 0.534713 0.295288
vt 0.406557 0.537167
vt 0.392434 0.490102
vt 0.485561 0.765407
vt 0.502897 0.752890
vt 0.088496 0.752850
vt 0.193677 0.660600
vt 0.208206 0.739227
vt 0.128340 0.797121
vt 0.087660 0.781503
vt 0.029405 0.514976
vt 0.152386 0.314384
vt 0.225009 0.410703
vt 0.947694 0.331731
vt 0.797158 0.321083
vt 0.799662 0.290754
vt 0.956632 0.287445
vt 0.710258 0.478576
vt 0.648022 0.505984
vt 0.579344 0.298652
vt 0.633523 0.294034
vt 0.350901 0.418923
vt 0.171640 0.293319
vt 0.499430 0.295548
vt 0.421709 0.389357
vt 0.384401 0.646219
vt 0.559292 0.670069
vt 0.589878 0.689246
vt 0.436516 0.777178
vt 0.501637 0.295420
vt 0.534713 0.295288
vt 0.406557 0.537167
vt 0.392434 0.490102
vt 0.485561 0.765407
vt 0.502897 0.752890
vt 0.375000 0.000000
vt 0.625000 0.000000
vt 0.625000 0.134126
vt 0.440483 0.184700
vt 0.375000 0.128134
vt 0.375000 0.750000
vt 0.625000 0.750000
vt 0.625000 1.000000
vt 0.375000 1.000000
vt 0.875000 0.000000
vt 0.875000 0.061299
vt 0.626688 0.135420
vt 0.125000 0.000000
vt 0.234558 0.200382
vt 0.125000 0.153979
vt 0.375000 0.596021
vt 0.509824 0.518284
vt 0.528839 0.537469
vt 0.625000 0.688701
vt 0.326324 0.250000
vt 0.368424 0.250000
vt 0.527051 0.495125
vt 0.445251 0.368928
vt 0.550122 0.422881
vt 0.625000 0.137109
vt 0.476717 0.313823
vt 0.530200 0.367306
vt 0.512513 0.460491
vt 0.460965 0.342541
vt 0.088496 0.752850
vt 0.193677 0.660600
vt 0.208206 0.739227
vt 0.128340 0.797121
vt 0.087660 0.781503
vt 0.029405 0.514976
vt 0.152386 0.314384
vt 0.225009 0.410703
vt 0.947694 0.331731
vt 0.797158 0.321083
vt 0.799662 0.290754
vt 0.956632 0.287445
vt 0.710258 0.478576
vt 0.648022 0.505984
vt 0.579344 0.298652
vt 0.633523 0.294034
vt 0.350901 0.418923
vt 0.171640 0.293319
vt 0.499430 0.295548
vt 0.421709 0.389357
vt 0.384401 0.646219
vt 0.559292 0.670069
vt 0.589878 0.689246
vt 0.436516 0.777178
vt 0.501637 0.295420
vt 0.534713 0.295288
vt 0.406557 0.537167
vt 0.392434 0.490102
vt 0.485561 0.765407
vt 0.502897 0.752890
vt 0.088496 0.752850
vt 0.193677 0.660600
vt 0.208206 0.739227
vt 0.128340 0.797121
vt 0.087660 0.781503
vt 0.029405 0.514976
vt 0.152386 0.314384
vt 0.225009 0.410703
vt 0.947694 0.331731
vt 0.797158 0.321083
vt 0.799662 0.290754
vt 0.956632 0.287445
vt 0.710258 0.478576
vt 0.648022 0.505984
vt 0.579344 0.298652
vt 0.633523 0.294034
vt 0.350901 0.418923
vt 0.171640 0.293319
vt 0.499430 0.295548
vt 0.421709 0.389357
vt 0.384401 0.646219
vt 0.559292 0.670069
vt 0.589878 0.689246
vt 0.436516 0.777178
vt 0.501637 0.295420
vt 0.534713 0.295288
vt 0.406557 0.537167
vt 0.392434 0.490102
vt 0.485561 0.765407
vt 0.502897 0.752890
vt 0.088496 0.752850
vt 0.193677 0.660600
vt 0.208206 0.739227
vt 0.128340 0.797121
vt 0.087660 0.781503
vt 0.029405 0.514976
vt 0.152386 0.314384
vt 0.225009 0.410703
vt 0.947694 0.331731
vt 0.797158 0.321083
vt 0.799662 0.290754
vt 0.956632 0.287445
vt 0.710258 0.478576
vt 0.648022 0.505984
vt 0.579344 0.298652
vt 0.633523 0.294034
vt 0.350901 0.418923
vt 0.171640 0.293319
vt 0.499430 0.295548
vt 0.421709 0.389357
vt 0.384401 0.646219
vt 0.559292 0.670069
vt 0.589878 0.689246
vt 0.436516 0.777178
vt 0.501637 0.295420
vt 0.534713 0.295288
vt 0.406557 0.537167
vt 0.392434 0.490102
vt 0.485561 0.765407
vt 0.502897 0.752890
vt 0.088496 0.752850
vt 0.193677 0.660600
vt 0.208206 0.739227
vt 0.128340 0.797121
vt 0.087660 0.781503
vt 0.029405 0.514976
vt 0.152386 0.314384
vt 0.225009 0.410703
vt 0.947694 0.331731
vt 0.797158 0.321083
vt 0.799662 0.290754
vt 0.956632 0.287445
vt 0.710258 0.478576
vt 0.648022 0.505984
vt 0.579344 0.298652
vt 0.633523 0.294034
vt 0.350901 0.418923
vt 0.171640 0.293319
vt 0.499430 0.295548
vt 0.421709 0.389357
vt 0.384401 0.646219
vt 0.559292 0.670069
vt 0.589878 0.689246
vt 0.436516 0.777178
vt 0.501637 0.295420
vt 0.534713 0.295288
vt 0.406557 0.537167
vt 0.392434 0.490102
vt 0.485561 0.765407
vt 0.502897 0.752890
vt 0.375000 0.000000
vt 0.625000 0.000000
vt 0.625000 0.134126
vt 0.440483 0.184700
vt 0.375000 0.128134
vt 0.375000 0.750000
vt 0.625000 0.750000
vt 0.625000 1.000000
vt 0.375000 1.000000
vt 0.875000 0.000000
vt 0.875000 0.061299
vt 0.626688 0.135420
vt 0.125000 0.000000
vt 0.234558 0.200382
vt 0.125000 0.153979
vt 0.375000 0.596021
vt 0.509824 0.518284
vt 0.528839 0.537469
vt 0.625000 0.688701
vt 0.326324 0.250000
vt 0.368424 0.250000
vt 0.527051 0.495125
vt 0.445251 0.368928
vt 0.550122 0.422881
vt 0.625000 0.137109
vt 0.476717 0.313823
vt 0.530200 0.367306
vt 0.512513 0.460491
vt 0.460965 0.342541
vn 0.848843 0.064185 -0.524734
vn 0.848843 0.064185 -0.524734
vn 0.848843 0.064185 -0.524734
vn 0.848843 0.064185 -0.524734
vn -0.426349 -0.000000 -0.904559
vn -0.426349 -0.000000 -0.904559
vn -0.426349 -0.000000 -0.904559
vn -0.426349 -0.000000 -0.904559
vn 0.000000 -1.000000 -0.000000
vn 0.000000 -1.000000 -0.000000
vn 0.000000 -1.000000 -0.000000
vn 0.000000 -1.000000 -0.000000
vn 0.000000 -1.000000 -0.000000
vn 0.000000 -1.000000 -0.000000
vn 0.250883 0.394340 -0.884055
vn 0.250883 0.394341 -0.884055
vn 0.250883 0.394340 -0.884055
vn 0.250883 0.394341 -0.884055
vn 0.250883 0.394340 -0.884055
vn 0.250883 0.394340 -0.884055
vn 0.413291 0.119031 0.902786
vn 0.413291 0.119031 0.902786
vn 0.413291 0.119031 0.902786
vn 0.413291 0.119031 0.902786
vn 0.833971 0.438737 0.334668
vn 0.833971 0.438737 0.334668
vn 0.833971 0.438737 0.334668
vn 0.833971 0.438737 0.334668
vn 0.833971 0.438737 0.334668
vn 0.833971 0.438737 0.334668
vn 0.833971 0.438737 0.334668
vn -0.908607 0.331721 -0.253760
vn -0.908607 0.331721 -0.253760
vn -0.908607 0.331721 -0.253760
vn -0.908607 0.331721 -0.253760
vn -0.908607 0.331721 -0.253760
vn -0.908607 0.331721 -0.253760
vn -0.908607 0.331721 -0.253760
vn -0.346149 0.385845 0.855163
vn -0.346150 0.385845 0.855163
vn -0.346150 0.385845 0.855163
vn -0.346149 0.385845 0.855163
vn -0.346149 0.385845 0.855163
vn -0.346150 0.385845 0.855163
vn -0.346150 0.385845 0.855163
vn -0.346150 0.385845 0.855163
vn -0.948104 0.066077 0.311019
vn -0.948104 0.066077 0.311019
vn -0.948104 0.066077 0.311019
vn -0.948104 0.066077 0.311019
vn -0.316578 -0.283589 0.905183
vn -0.316578 -0.283589 0.905183
vn -0.316578 -0.283589 0.905183
vn -0.316578 -0.283589 0.905183
vn -0.316578 -0.283589 0.905183
vn 0.731795 -0.435719 0.524047
vn 0.731795 -0.435719 0.524047
vn 0.731795 -0.435719 0.524047
vn 0.731795 -0.435719 0.524047
vn 0.731795 -0.435719 0.524047
vn 0.731795 -0.435719 0.524047
vn 0.462123 -0.511751 -0.724261
vn 0.462123 -0.511751 -0.724261
vn 0.462123 -0.511751 -0.724261
vn 0.462123 -0.511751 -0.724261
vn 0.462123 -0.511751 -0.724261
vn -0.000000 1.000000 0.000000
vn -0.000000 1.000000 0.000000
vn -0.000000 1.000000 0.000000
vn -0.000000 1.000000 0.000000
vn -0.000000 1.000000 0.000000
vn -0.388230 0.781429 0.488514
vn -0.388230 0.781429 0.488514
vn -0.388230 0.781429 0.488514
vn -0.416203 -0.812493 0.408204
vn -0.416203 -0.812493 0.408204
vn -0.416203 -0.812493 0.408204
vn -0.416203 -0.812493 0.408204
vn -0.416203 -0.812493 0.408204
vn -0.850422 0.188950 -0.490999
vn -0.850422 0.188950 -0.490999
vn -0.850422 0.188950 -0.490999
vn -0.850422 0.188950 -0.490999
vn 0.321804 -0.551501 -0.769603
vn 0.321804 -0.551501 -0.769603
vn 0.321804 -0.551501 -0.769603
vn 0.321804 -0.551501 -0.769603
vn 0.321804 -0.551501 -0.769603
vn -0.321804 0.551501 0.769603
vn -0.321804 0.551501 0.769603
vn -0.321804 0.551501 0.769603
vn -0.321804 0.551501 0.769603
vn -0.321804 0.551501 0.769603
vn 0.416203 0.812493 -0.408204
vn 0.416203 0.812493 -0.408204
vn 0.416203 0.812493 -0.408204
vn 0.416203 0.812493 -0.408204
vn 0.416203 0.812493 -0.408204
vn 0.416203 0.812493 -0.408204
vn -0.045434 -0.034913 0.998357
vn -0.045434 -0.034913 0.998357
vn -0.045434 -0.034913 0.998357
vn -0.045434 -0.034913 0.998357
vn -0.045434 -0.034913 0.998357
vn 0.715850 0.369176 -0.592679
vn 0.715850 0.369176 -0.592679
vn 0.715850 0.369176 -0.592679
vn 0.488390 0.638666 0.594626
vn 0.488390 0.638666 0.594626
vn 0.488390 0.638666 0.594626
vn 0.488390 0.638666 0.594626
vn 0.488390 0.638666 0.594626
vn 0.488390 0.638666 0.594626
vn 0.217633 -0.903468 0.369299
vn 0.217633 -0.903468 0.369299
vn 0.217633 -0.903468 0.369299
vn 0.217633 -0.903468 0.369299
vn 0.217633 -0.903468 0.369299
vn 0.850421 -0.188950 0.491000
vn 0.850421 -0.188950 0.491000
vn 0.850421 -0.188950 0.491000
vn 0.850421 -0.188950 0.491000
vn 0.636553 -0.429540 -0.640543
vn 0.636553 -0.429540 -0.640543
vn 0.636553 -0.429540 -0.640543
vn 0.636553 -0.429540 -0.640543
vn 0.636553 -0.429540 -0.640543
vn 0.636553 -0.429540 -0.640543
vn 0.262815 0.127955 -0.956324
vn 0.262815 0.127955 -0.956324
vn 0.262815 0.127955 -0.956324
vn 0.262816 0.127955 -0.956324
vn 0.262815 0.127955 -0.956324
vn 0.375741 -0.100248 -0.921287
vn 0.375741 -0.100248 -0.921287
vn 0.375741 -0.100248 -0.921287
vn 0.375741 -0.100248 -0.921287
vn 0.375741 -0.100248 -0.921287
vn 0.252161 -0.153013 0.955511
vn 0.252161 -0.153013 0.955511
vn 0.252161 -0.153013 0.955511
vn 0.252161 -0.153013 0.955511
vn -0.226881 0.027819 0.973525
vn -0.226881 0.027819 0.973525
vn -0.226881 0.027819 0.973525
vn -0.226881 0.027819 0.973525
vn -0.226881 0.027819 0.973525
vn -0.226881 0.027819 0.973525
vn -0.319399 -0.408731 -0.854940
vn -0.319399 -0.408731 -0.854940
vn -0.319399 -0.408731 -0.854940
vn -0.319399 -0.408731 -0.854940
vn -0.319399 -0.408731 -0.854940
vn -0.319399 -0.408731 -0.854940
vn -0.341444 0.918975 -0.197232
vn -0.341444 0.918975 -0.197232
vn -0.341444 0.918975 -0.197232
vn -0.341444 0.918975 -0.197232
vn -0.341444 0.918975 -0.197232
vn -0.341444 0.918975 -0.197232
vn -0.545083 0.217203 0.809758
vn -0.545083 0.217203 0.809758
vn -0.545083 0.217203 0.809758
vn -0.545083 0.217203 0.809758
vn -0.545083 0.217203 0.809758
vn -0.545083 0.217203 0.809758
vn -0.456598 0.053750 -0.888048
vn -0.456598 0.053750 -0.888048
vn -0.456598 0.053750 -0.888048
vn -0.167824 0.073129 -0.983101
vn -0.167824 0.073129 -0.983101
vn -0.167824 0.073129 -0.983101
vn -0.167824 0.073129 -0.983101
vn -0.167824 0.073129 -0.983101
vn -0.167824 0.073129 -0.983101
vn -0.888457 0.335454 0.313232
vn -0.888457 0.335454 0.313232
vn -0.888457 0.335454 0.313232
vn -0.888457 0.335454 0.313232
vn -0.888457 0.335454 0.313232
vn -0.888457 0.335454 0.313232
vn -0.404894 -0.786248 0.466771
vn -0.404894 -0.786248 0.466771
vn -0.404894 -0.786248 0.466771
vn 0.634853 -0.434551 -0.638849
vn 0.634853 -0.434551 -0.638849
vn 0.634853 -0.434551 -0.638849
vn 0.634853 -0.434551 -0.638849
vn 0.634853 -0.434551 -0.638849
vn 0.634853 -0.434551 -0.638849
vn -0.266027 -0.960753 0.078627
vn -0.266027 -0.960753 0.078627
vn -0.266027 -0.960754 0.078627
vn -0.266027 -0.960753 0.078627
vn -0.266027 -0.960753 0.078627
vn -0.266027 -0.960754 0.078627
vn -0.266027 -0.960753 0.078627
vn 0.965425 0.197328 0.170343
vn 0.965425 0.197328 0.170343
vn 0.965425 0.197328 0.170343
vn 0.965425 0.197328 0.170343
vn 0.965425 0.197328 0.170343
vn 0.965425 0.197328 0.170343
vn 0.479621 0.858018 0.183762
vn 0.479621 0.858018 0.183762
vn 0.479621 0.858018 0.183762
vn 0.479621 0.858018 0.183762
vn 0.295167 0.063281 0.953348
vn 0.295167 0.063281 0.953348
vn 0.295167 0.063281 0.953348
vn 0.295167 0.063281 0.953348
vn 0.295167 0.063281 0.953348
vn 0.018699 0.250981 0.967812
vn 0.018699 0.250981 0.967812
vn 0.018699 0.250981 0.967812
vn 0.018699 0.250981 0.967812
vn 0.018699 0.250981 0.967812
vn 0.018699 0.250981 0.967812
vn -0.633902 -0.755443 0.165754
vn -0.633902 -0.755443 0.165754
vn -0.633902 -0.755443 0.165754
vn -0.633902 -0.755443 0.165754
vn -0.633902 -0.755443 0.165754
vn -0.674572 0.644875 0.359288
vn -0.674572 0.644875 0.359288
vn -0.674572 0.644875 0.359288
vn -0.674572 0.644875 0.359288
vn -0.378312 0.115940 -0.918389
vn -0.378312 0.115940 -0.918389
vn -0.378312 0.115940 -0.918389
vn -0.378312 0.115940 -0.918389
vn -0.378312 0.115940 -0.918389
vn 0.378312 -0.115940 0.918389
vn 0.378312 -0.115940 0.918389
vn 0.378312 -0.115940 0.918389
vn 0.378312 -0.115940 0.918389
vn 0.378312 -0.115940 0.918389
vn 0.633902 0.755443 -0.165754
vn 0.633902 0.755443 -0.165754
vn 0.633902 0.755443 -0.165754
vn 0.633902 0.755443 -0.165754
vn 0.633902 0.755443 -0.165754
vn 0.633902 0.755443 -0.165754
vn 0.229448 -0.723083 0.651540
vn 0.229448 -0.723083 0.651540
vn 0.229448 -0.723083 0.651540
vn 0.229448 -0.723083 0.651540
vn 0.229448 -0.723083 0.651540
vn 0.512716 0.585136 -0.628282
vn 0.512716 0.585136 -0.628282
vn 0.512716 0.585136 -0.628282
vn 0.939406 0.009627 0.342670
vn 0.939407 0.009627 0.342670
vn 0.939406 0.009627 0.342670
vn 0.939406 0.009627 0.342670
vn 0.939407 0.009627 0.342670
vn 0.939407 0.009627 0.342670
vn -0.352079 -0.896694 -0.268290
vn -0.352079 -0.896694 -0.268290
vn -0.352079 -0.896694 -0.268290
vn -0.352079 -0.896694 -0.268290
vn -0.352079 -0.896694 -0.268289
vn 0.674572 -0.644876 -0.359288
vn 0.674572 -0.644876 -0.359288
vn 0.674572 -0.644876 -0.359288
vn 0.674572 -0.644876 -0.359288
vn -0.054956 0.091611 -0.994277
vn -0.054956 0.091611 -0.994277
vn -0.054956 0.091611 -0.994277
vn -0.054956 0.091611 -0.994277
vn -0.054956 0.091611 -0.994277
vn -0.054956 0.091611 -0.994277
vn -0.458604 -0.688317 0.562052
vn -0.458604 -0.688317 0.562052
vn -0.458604 -0.688317 0.562052
vn -0.458604 -0.688317 0.562052
vn -0.458604 -0.688317 0.562052
vn -0.478153 -0.341986 -0.808959
vn -0.478153 -0.341986 -0.808959
vn -0.478153 -0.341986 -0.808959
vn -0.478153 -0.341986 -0.808959
vn 0.749034 -0.639739 -0.172285
vn 0.749034 -0.639739 -0.172285
vn 0.749034 -0.639739 -0.172285
vn 0.749034 -0.639739 -0.172285
vn 0.749034 -0.639739 -0.172285
vn -0.749034 0.639739 0.172284
vn -0.749034 0.639739 0.172284
vn -0.749034 0.639739 0.172284
vn -0.749034 0.639739 0.172284
vn -0.749034 0.639739 0.172284
vn 0.458604 0.688317 -0.562052
vn 0.458604 0.688317 -0.562052
vn 0.458604 0.688317 -0.562052
vn 0.458604 0.688317 -0.562052
vn 0.458604 0.688317 -0.562052
vn 0.458604 0.688317 -0.562052
vn -0.664126 0.301700 0.684042
vn -0.664126 0.301700 0.684042
vn -0.664126 0.301700 0.684042
vn -0.664126 0.301700 0.684042
vn -0.664126 0.301700 0.684042
vn 0.843120 0.333714 -0.421644
vn 0.843120 0.333714 -0.421644
vn 0.843120 0.333714 -0.421644
vn -0.080327 0.978010 0.192469
vn -0.080327 0.978010 0.192469
vn -0.080327 0.978010 0.192469
vn -0.080327 0.978010 0.192469
vn -0.080327 0.978010 0.192469
vn -0.080327 0.978010 0.192469
vn 0.030423 -0.649853 0.759451
vn 0.030423 -0.649853 0.759451
vn 0.030423 -0.649853 0.759451
vn 0.030423 -0.649853 0.759451
vn 0.030423 -0.649853 0.759451
vn 0.478153 0.341986 0.808959
vn 0.478153 0.341986 0.808959
vn 0.478153 0.341986 0.808959
vn 0.478153 0.341986 0.808959
vn 0.906696 -0.412342 -0.088750
vn 0.906696 -0.412342 -0.088750
vn 0.906696 -0.412342 -0.088750
vn 0.906696 -0.412342 -0.088750
vn 0.906696 -0.412342 -0.088750
vn 0.906696 -0.412342 -0.088750
vn -0.458604 -0.688317 0.562052
vn -0.458604 -0.688317 0.562052
vn -0.458604 -0.688317 0.562052
vn -0.458604 -0.688317 0.562052
vn -0.458604 -0.688317 0.562052
vn -0.478153 -0.341986 -0.808959
vn -0.478153 -0.341986 -0.808960
vn -0.478153 -0.341986 -0.808959
vn -0.478153 -0.341986 -0.808959
vn 0.749034 -0.639739 -0.172285
vn 0.749034 -0.639739 -0.172285
vn 0.749034 -0.639739 -0.172285
vn 0.749034 -0.639739 -0.172285
vn 0.749034 -0.639739 -0.172285
vn -0.749034 0.639739 0.172285
vn -0.749034 0.639739 0.172285
vn -0.749034 0.639739 0.172285
vn -0.749034 0.639739 0.172285
vn -0.749034 0.639739 0.172285
vn 0.458604 0.688317 -0.562052
vn 0.458604 0.688317 -0.562052
vn 0.458604 0.688317 -0.562052
vn 0.458604 0.688317 -0.562052
vn 0.458604 0.688317 -0.562052
vn 0.458604 0.688317 -0.562052
vn -0.664126 0.301699 0.684043
vn -0.664126 0.301699 0.684043
vn -0.664126 0.301699 0.684043
vn -0.664126 0.301699 0.684043
vn -0.664126 0.301699 0.684043
vn 0.843119 0.333723 -0.421639
vn 0.843119 0.333723 -0.421639
vn 0.843119 0.333723 -0.421639
vn -0.080328 0.978010 0.192468
vn -0.080328 0.978010 0.192468
vn -0.080328 0.978010 0.192468
vn -0.080328 0.978010 0.192468
vn -0.080328 0.978010 0.192468
vn -0.080328 0.978010 0.192468
vn 0.030423 -0.649853 0.759450
vn 0.030423 -0.649854 0.759450
vn 0.030423 -0.649853 0.759450
vn 0.030423 -0.649853 0.759450
vn 0.030423 -0.649854 0.759450
vn 0.478151 0.341987 0.808960
vn 0.478152 0.341987 0.808960
vn 0.478151 0.341987 0.808960
vn 0.478152 0.341987 0.808960
vn 0.906696 -0.412342 -0.088750
vn 0.906696 -0.412342 -0.088750
vn 0.906696 -0.412342 -0.088750
vn 0.906696 -0.412342 -0.088750
vn 0.906696 -0.412342 -0.088750
vn 0.906696 -0.412342 -0.088750
vn 0.523002 0.235839 0.819054
vn 0.523002 0.235839 0.819054
vn 0.523002 0.235839 0.819054
vn 0.523002 0.235839 0.819054
vn 0.523002 0.235839 0.819054
vn 0.168692 0.117270 0.978668
vn 0.168692 0.117270 0.978668
vn 0.168692 0.117270 0.978668
vn 0.168692 0.117270 0.978668
vn 0.168692 0.117270 0.978668
vn -0.972670 0.120389 -0.198542
vn -0.972670 0.120389 -0.198542
vn -0.972670 0.120389 -0.198542
vn -0.972670 0.120389 -0.198542
vn -0.493156 -0.062117 -0.867720
vn -0.493156 -0.062117 -0.867720
vn -0.493156 -0.062117 -0.867720
vn -0.493156 -0.062117 -0.867720
vn -0.493156 -0.062117 -0.867720
vn -0.493156 -0.062117 -0.867720
vn 0.757267 -0.579599 0.301019
vn 0.757267 -0.579599 0.301019
vn 0.757267 -0.579599 0.301019
vn 0.757267 -0.579599 0.301019
vn 0.757267 -0.579599 0.301019
vn 0.757267 -0.579599 0.301019
vn 0.837393 0.357055 -0.413864
vn 0.837393 0.357055 -0.413864
vn 0.837393 0.357055 -0.413864
vn 0.837393 0.357055 -0.413864
vn 0.837394 0.357055 -0.413864
vn 0.837393 0.357055 -0.413864
vn 0.206106 -0.134899 -0.969187
vn 0.206106 -0.134899 -0.969187
vn 0.206106 -0.134899 -0.969187
vn 0.206106 -0.134899 -0.969187
vn 0.206106 -0.134899 -0.969187
vn 0.206106 -0.134899 -0.969187
vn 0.962802 -0.268138 0.033390
vn 0.962802 -0.268138 0.033390
vn 0.962802 -0.268138 0.033390
vn 0.933800 -0.137115 0.330481
vn 0.933800 -0.137115 0.330481
vn 0.933800 -0.137116 0.330481
vn 0.933800 -0.137115 0.330481
vn 0.933800 -0.137115 0.330481
vn 0.933800 -0.137116 0.330481
vn 0.688772 -0.209263 -0.694120
vn 0.688772 -0.209263 -0.694120
vn 0.688772 -0.209263 -0.694120
vn 0.688772 -0.209263 -0.694120
vn 0.688772 -0.209263 -0.694120
vn 0.688772 -0.209263 -0.694120
vn -0.287443 -0.896749 -0.336477
vn -0.287443 -0.896749 -0.336477
vn -0.287443 -0.896749 -0.336477
vn -0.472567 0.037810 0.880483
vn -0.472567 0.037810 0.880483
vn -0.472567 0.037810 0.880483
vn -0.472567 0.037810 0.880483
vn -0.472567 0.037810 0.880483
vn -0.472567 0.037810 0.880483
vn -0.269959 -0.959853 0.076193
vn -0.269959 -0.959853 0.076193
vn -0.269959 -0.959853 0.076193
vn -0.269959 -0.959853 0.076193
vn -0.269959 -0.959853 0.076193
vn -0.269959 -0.959853 0.076193
vn -0.269959 -0.959853 0.076193
vn -0.747833 0.509418 0.425722
vn -0.747833 0.509418 0.425722
vn -0.747833 0.509418 0.425722
vn -0.747833 0.509418 0.425722
vn -0.747833 0.509418 0.425722
vn -0.747833 0.509418 0.425722
vn -0.245784 0.969209 0.014951
vn -0.245784 0.969209 0.014951
vn -0.245784 0.969209 0.014951
vn -0.245784 0.969209 0.014951
vn -0.924418 0.298989 -0.236765
vn -0.924418 0.298989 -0.236765
vn -0.924418 0.298989 -0.236765
vn -0.924418 0.298989 -0.236765
vn -0.924418 0.298989 -0.236765
vn -0.670711 0.329014 -0.664753
vn -0.670711 0.329014 -0.664753
vn -0.670711 0.329014 -0.664753
vn -0.670711 0.329014 -0.664753
vn -0.670711 0.329014 -0.664753
vn -0.670711 0.329014 -0.664753
vn -0.533132 -0.736389 0.416534
vn -0.533132 -0.736389 0.416534
vn -0.533132 -0.736389 0.416534
vn -0.533132 -0.736389 0.416534
vn -0.533132 -0.736389 0.416534
vn -0.393342 -0.220148 -0.892646
vn -0.393342 -0.220148 -0.892646
vn -0.393342 -0.220148 -0.892646
vn -0.393342 -0.220148 -0.892646
vn 0.749034 -0.639739 -0.172285
vn 0.749034 -0.639739 -0.172285
vn 0.749034 -0.639739 -0.172285
vn 0.749034 -0.639739 -0.172285
vn 0.749034 -0.639739 -0.172285
vn -0.749034 0.639739 0.172285
vn -0.749034 0.639739 0.172285
vn -0.749034 0.639739 0.172285
vn -0.749034 0.639739 0.172285
vn -0.749034 0.639739 0.172285
vn 0.533132 0.736390 -0.416534
vn 0.533132 0.736390 -0.416534
vn 0.533132 0.736390 -0.416534
vn 0.533132 0.736390 -0.416534
vn 0.533132 0.736390 -0.416534
vn 0.533132 0.736390 -0.416534
vn -0.728752 0.237257 0.642363
vn -0.728751 0.237257 0.642363
vn -0.728752 0.237257 0.642363
vn -0.728752 0.237257 0.642363
vn -0.728751 0.237257 0.642363
vn 0.891765 0.353301 -0.282724
vn 0.891765 0.353301 -0.282724
vn 0.891765 0.353301 -0.282724
vn -0.079278 0.948359 0.307131
vn -0.079278 0.948359 0.307131
vn -0.079278 0.948359 0.307131
vn -0.079278 0.948359 0.307131
vn -0.079278 0.948359 0.307131
vn -0.079278 0.948359 0.307131
vn -0.068177 -0.740753 0.668309
vn -0.068177 -0.740753 0.668309
vn -0.068177 -0.740753 0.668309
vn -0.068177 -0.740753 0.668309
vn -0.068177 -0.740753 0.668309
vn 0.393340 0.220146 0.892647
vn 0.393340 0.220146 0.892647
vn 0.393340 0.220146 0.892647
vn 0.393340 0.220146 0.892647
vn 0.901530 -0.430492 -0.043812
vn 0.901531 -0.430492 -0.043812
vn 0.901531 -0.430492 -0.043812
vn 0.901531 -0.430492 -0.043812
vn 0.901531 -0.430492 -0.043812
vn 0.901531 -0.430492 -0.043812
vn 0.125799 0.663426 0.737592
vn 0.125799 0.663425 0.737592
vn 0.125799 0.663425 0.737592
vn 0.125799 0.663425 0.737592
vn 0.125799 0.663425 0.737592
vn 0.315466 0.678154 -0.663768
vn 0.315466 0.678154 -0.663768
vn 0.315466 0.678154 -0.663768
vn 0.315466 0.678154 -0.663768
vn -0.940561 0.316187 -0.123977
vn -0.940561 0.316187 -0.123977
vn -0.940561 0.316186 -0.123977
vn -0.940561 0.316187 -0.123977
vn -0.940561 0.316186 -0.123977
vn 0.940561 -0.316186 0.123977
vn 0.940561 -0.316186 0.123977
vn 0.940561 -0.316186 0.123977
vn 0.940561 -0.316186 0.123977
vn 0.940561 -0.316186 0.123977
vn -0.125799 -0.663426 -0.737592
vn -0.125799 -0.663426 -0.737592
vn -0.125799 -0.663425 -0.737592
vn -0.125799 -0.663426 -0.737592
vn -0.125799 -0.663426 -0.737592
vn -0.125799 -0.663426 -0.737592
vn 0.759642 -0.257370 0.597247
vn 0.759642 -0.257370 0.597247
vn 0.759642 -0.257370 0.597247
vn 0.759642 -0.257370 0.597247
vn 0.759642 -0.257370 0.597247
vn -0.741286 -0.444772 -0.502666
vn -0.741286 -0.444772 -0.502666
vn -0.741286 -0.444772 -0.502666
vn 0.550781 -0.829162 0.095558
vn 0.550781 -0.829162 0.095558
vn 0.550781 -0.829162 0.095558
vn 0.550781 -0.829161 0.095558
vn 0.550781 -0.829162 0.095558
vn 0.550781 -0.829162 0.095558
vn -0.425836 0.322052 0.845545
vn -0.425836 0.322052 0.845545
vn -0.425836 0.322052 0.845545
vn -0.425836 0.322052 0.845545
vn -0.425836 0.322052 0.845545
vn -0.315466 -0.678154 0.663769
vn -0.315466 -0.678154 0.663769
vn -0.315466 -0.678154 0.663769
vn -0.315466 -0.678154 0.663769
vn -0.993223 0.082992 -0.081370
vn -0.993223 0.082992 -0.081370
vn -0.993223 0.082992 -0.081370
vn -0.993223 0.082992 -0.081370
vn -0.993223 0.082992 -0.081370
vn -0.993223 0.082992 -0.081370
vn 0.906685 0.106093 -0.408248
vn 0.906685 0.106093 -0.408248
vn 0.906685 0.106093 -0.408248
vn 0.906685 0.106093 -0.408248
vn 0.906685 0.106093 -0.408248
vn 0.828607 -0.438173 -0.348446
vn 0.828607 -0.438173 -0.348446
vn 0.828607 -0.438173 -0.348446
vn 0.828607 -0.438173 -0.348446
vn 0.828607 -0.438173 -0.348446
vn -0.363011 -0.302505 0.881314
vn -0.363011 -0.302505 0.881314
vn -0.363011 -0.302505 0.881314
vn -0.363011 -0.302505 0.881314
vn -0.791519 0.219268 0.570455
vn -0.791519 0.219268 0.570455
vn -0.791519 0.219268 0.570455
vn -0.791519 0.219268 0.570455
vn -0.791519 0.219268 0.570455
vn -0.791519 0.219268 0.570455
vn -0.415200 -0.548201 -0.726006
vn -0.415200 -0.548201 -0.726006
vn -0.415200 -0.548201 -0.726006
vn -0.415200 -0.548201 -0.726006
vn -0.415200 -0.548201 -0.726006
vn -0.415200 -0.548201 -0.726006
vn 0.482749 0.854867 -0.190147
vn 0.482749 0.854867 -0.190147
vn 0.482749 0.854867 -0.190147
vn 0.482749 0.854867 -0.190147
vn 0.482749 0.854867 -0.190147
vn 0.482749 0.854867 -0.190147
vn -0.716179 0.695922 0.052723
vn -0.716179 0.695922 0.052723
vn -0.716179 0.695922 0.052723
vn -0.716179 0.695922 0.052723
vn -0.716179 0.695922 0.052723
vn -0.716179 0.695922 0.052723
vn -0.015879 0.177348 -0.984020
vn -0.015879 0.177348 -0.984020
vn -0.015879 0.177348 -0.984020
vn 0.389096 0.143482 -0.909954
vn 0.389096 0.143482 -0.909954
vn 0.389096 0.143482 -0.909954
vn 0.389096 0.143482 -0.909954
vn 0.389096 0.143482 -0.909954
vn 0.389096 0.143482 -0.909954
vn -0.484632 0.721976 -0.493844
vn -0.484632 0.721976 -0.493844
vn -0.484632 0.721976 -0.493844
vn -0.484632 0.721976 -0.493845
vn -0.484632 0.721976 -0.493844
vn -0.484632 0.721976 -0.493844
vn -0.798381 -0.599134 -0.060216
vn -0.798381 -0.599134 -0.060216
vn -0.798381 -0.599134 -0.060216
vn 0.315351 -0.940066 0.129730
vn 0.315351 -0.940066 0.129730
vn 0.315351 -0.940066 0.129730
vn 0.315351 -0.940066 0.129730
vn 0.315351 -0.940066 0.129730
vn 0.315351 -0.940066 0.129730
vn -0.696550 -0.708010 -0.116363
vn -0.696550 -0.708010 -0.116363
vn -0.696550 -0.708010 -0.116363
vn -0.696550 -0.708010 -0.116363
vn -0.696550 -0.708010 -0.116363
vn -0.696550 -0.708010 -0.116363
vn -0.696550 -0.708010 -0.116363
vn 0.751576 0.048018 0.657897
vn 0.751576 0.048018 0.657897
vn 0.751576 0.048018 0.657897
vn 0.751576 0.048018 0.657897
vn 0.751576 0.048018 0.657897
vn 0.751576 0.048018 0.657897
vn 0.715255 0.636115 0.289427
vn 0.715255 0.636115 0.289427
vn 0.715255 0.636115 0.289427
vn 0.715255 0.636115 0.289427
vn -0.019978 0.083030 0.996347
vn -0.019978 0.083030 0.996347
vn -0.019978 0.083030 0.996347
vn -0.019978 0.083030 0.996347
vn -0.019978 0.083030 0.996347
vn -0.063764 0.585156 0.808410
vn -0.063764 0.585156 0.808410
vn -0.063764 0.585155 0.808410
vn -0.063764 0.585156 0.808410
vn -0.063764 0.585155 0.808410
vn -0.063764 0.585156 0.808410
vn 0.869520 -0.044501 -0.491888
vn 0.869520 -0.044501 -0.491888
vn 0.869520 -0.044501 -0.491888
vn 0.869520 -0.044501 -0.491888
vn 0.869520 -0.044501 -0.491888
vn 0.793543 -0.502421 -0.343311
vn 0.793543 -0.502421 -0.343311
vn 0.793543 -0.502421 -0.343311
vn 0.793543 -0.502421 -0.343311
vn 0.793543 -0.502421 -0.343311
vn -0.265286 -0.247327 0.931908
vn -0.265286 -0.247327 0.931908
vn -0.265286 -0.247327 0.931908
vn -0.265286 -0.247327 0.931908
vn -0.741562 0.300600 0.599771
vn -0.741562 0.300600 0.599771
vn -0.741562 0.300600 0.599771
vn -0.741562 0.300600 0.599771
vn -0.741562 0.300600 0.599771
vn -0.741562 0.300600 0.599771
vn -0.308649 -0.429128 -0.848873
vn -0.308649 -0.429128 -0.848873
vn -0.308649 -0.429128 -0.848873
vn -0.308649 -0.429128 -0.848873
vn -0.308649 -0.429128 -0.848873
vn -0.308649 -0.429128 -0.848873
vn 0.358165 0.876630 -0.321305
vn 0.358165 0.876630 -0.321305
vn 0.358165 0.876630 -0.321305
vn 0.358165 0.876630 -0.321305
vn 0.358165 0.876630 -0.321305
vn 0.358165 0.876630 -0.321305
vn -0.714339 0.699519 0.019818
vn -0.714339 0.699519 0.019818
vn -0.714339 0.699519 0.019818
vn -0.714339 0.699519 0.019818
vn -0.714339 0.699519 0.019818
vn -0.714339 0.699519 0.019818
vn -0.037753 0.198116 -0.979451
vn -0.037753 0.198116 -0.979451
vn -0.037753 0.198116 -0.979451
vn 0.311669 0.106020 -0.944257
vn 0.311669 0.106020 -0.944258
vn 0.311669 0.106020 -0.944257
vn 0.311669 0.106020 -0.944258
vn 0.311669 0.106020 -0.944257
vn 0.311669 0.106020 -0.944257
vn -0.506326 0.689838 -0.517453
vn -0.506326 0.689838 -0.517453
vn -0.506326 0.689838 -0.517453
vn -0.506326 0.689838 -0.517453
vn -0.506326 0.689838 -0.517453
vn -0.506326 0.689838 -0.517453
vn -0.838601 -0.543334 -0.039204
vn -0.838601 -0.543334 -0.039204
vn -0.838601 -0.543334 -0.039204
vn 0.433964 -0.881642 0.185425
vn 0.433964 -0.881642 0.185425
vn 0.433964 -0.881642 0.185425
vn 0.433964 -0.881642 0.185425
vn 0.433964 -0.881642 0.185425
vn 0.433964 -0.881642 0.185425
vn -0.696550 -0.708010 -0.116363
vn -0.696550 -0.708010 -0.116363
vn -0.696550 -0.708010 -0.116363
vn -0.696550 -0.708010 -0.116363
vn -0.696550 -0.708010 -0.116363
vn -0.696550 -0.708010 -0.116363
vn -0.696550 -0.708010 -0.116363
vn 0.679535 -0.128104 0.722372
vn 0.679535 -0.128104 0.722372
vn 0.679535 -0.128104 0.722372
vn 0.679535 -0.128104 0.722372
vn 0.679535 -0.128104 0.722372
vn 0.679535 -0.128104 0.722372
vn 0.719280 0.585995 0.373156
vn 0.719280 0.585995 0.373156
vn 0.719280 0.585995 0.373156
vn 0.719280 0.585995 0.373156
vn -0.034025 0.021357 0.999193
vn -0.034025 0.021357 0.999193
vn -0.034025 0.021357 0.999193
vn -0.034025 0.021357 0.999193
vn -0.034025 0.021357 0.999193
vn -0.164935 0.498657 0.850963
vn -0.164935 0.498657 0.850963
vn -0.164935 0.498657 0.850963
vn -0.164935 0.498657 0.850963
vn -0.164935 0.498657 0.850963
vn -0.164935 0.498657 0.850963
vn 0.173143 -0.510927 -0.842006
vn 0.173143 -0.510927 -0.842006
vn 0.173143 -0.510927 -0.842006
vn 0.173143 -0.510927 -0.842006
vn 0.173143 -0.510927 -0.842006
vn 0.272039 -0.829928 -0.487047
vn 0.272039 -0.829928 -0.487047
vn 0.272039 -0.829928 -0.487047
vn 0.272039 -0.829928 -0.487047
vn 0.272039 -0.829928 -0.487047
vn 0.568901 0.209135 0.795370
vn 0.568901 0.209135 0.795370
vn 0.568901 0.209135 0.795370
vn 0.568901 0.209135 0.795370
vn -0.027054 0.728648 0.684354
vn -0.027054 0.728648 0.684354
vn -0.027054 0.728648 0.684354
vn -0.027054 0.728648 0.684354
vn -0.027054 0.728648 0.684354
vn -0.027054 0.728648 0.684354
vn -0.819931 -0.572065 -0.021322
vn -0.819931 -0.572065 -0.021322
vn -0.819931 -0.572065 -0.021322
vn -0.819931 -0.572065 -0.021322
vn -0.819931 -0.572065 -0.021322
vn -0.819931 -0.572065 -0.021322
vn -0.083326 0.525058 -0.846978
vn -0.083326 0.525058 -0.846978
vn -0.083326 0.525058 -0.846978
vn -0.083326 0.525058 -0.846978
vn -0.083326 0.525058 -0.846978
vn -0.083326 0.525058 -0.846978
vn -0.485502 0.858427 0.165504
vn -0.485502 0.858427 0.165504
vn -0.485502 0.858427 0.165504
vn -0.485502 0.858427 0.165504
vn -0.485502 0.858427 0.165504
vn -0.485502 0.858427 0.165504
vn -0.793665 -0.165774 -0.585333
vn -0.793665 -0.165774 -0.585333
vn -0.793665 -0.165774 -0.585333
vn -0.539157 -0.352196 -0.765028
vn -0.539157 -0.352196 -0.765028
vn -0.539157 -0.352196 -0.765028
vn -0.539157 -0.352196 -0.765028
vn -0.539157 -0.352196 -0.765028
vn -0.539157 -0.352196 -0.765028
vn -0.767954 0.586728 -0.256899
vn -0.767954 0.586729 -0.256899
vn -0.767954 0.586728 -0.256899
vn -0.767954 0.586729 -0.256899
vn -0.767954 0.586728 -0.256899
vn -0.767954 0.586728 -0.256899
vn -0.522023 -0.200882 0.828938
vn -0.522023 -0.200882 0.828938
vn -0.522023 -0.200882 0.828938
vn 0.479502 -0.847777 0.226612
vn 0.479502 -0.847776 0.226612
vn 0.479502 -0.847776 0.226612
vn 0.479502 -0.847777 0.226612
vn 0.479502 -0.847776 0.226612
vn 0.479502 -0.847776 0.226612
vn -0.480186 -0.420045 0.770054
vn -0.480186 -0.420045 0.770054
vn -0.480186 -0.420045 0.770054
vn -0.480186 -0.420045 0.770054
vn -0.480186 -0.420045 0.770054
vn -0.480186 -0.420045 0.770054
vn -0.480186 -0.420045 0.770054
vn 0.995995 -0.083950 -0.030762
vn 0.995995 -0.083950 -0.030762
vn 0.995995 -0.083950 -0.030762
vn 0.995995 -0.083950 -0.030762
vn 0.995995 -0.083950 -0.030762
vn 0.995995 -0.083950 -0.030762
vn 0.701316 0.398223 -0.591249
vn 0.701316 0.398223 -0.591249
vn 0.701316 0.398223 -0.591249
vn 0.701316 0.398223 -0.591249
vn 0.748067 0.388084 0.538318
vn 0.748067 0.388083 0.538318
vn 0.748067 0.388083 0.538318
vn 0.748067 0.388083 0.538318
vn 0.748067 0.388083 0.538318
vn 0.517308 0.794493 0.318078
vn 0.517308 0.794493 0.318078
vn 0.517308 0.794493 0.318078
vn 0.517307 0.794493 0.318078
vn 0.517308 0.794493 0.318078
vn 0.517308 0.794493 0.318078
vn -0.173089 -0.904853 0.388948
vn -0.173089 -0.904853 0.388948
vn -0.173089 -0.904853 0.388948
vn -0.173089 -0.904853 0.388948
vn -0.173089 -0.904853 0.388948
vn 0.064323 0.383680 0.921223
vn 0.064323 0.383680 0.921223
vn 0.064323 0.383680 0.921223
vn 0.064323 0.383680 0.921223
vn -0.982804 0.184471 -0.008208
vn -0.982804 0.184471 -0.008208
vn -0.982804 0.184471 -0.008208
vn -0.982804 0.184471 -0.008208
vn -0.982804 0.184471 -0.008208
vn 0.982804 -0.184472 0.008208
vn 0.982804 -0.184472 0.008208
vn 0.982804 -0.184472 0.008208
vn 0.982804 -0.184472 0.008208
vn 0.982804 -0.184472 0.008208
vn 0.173089 0.904853 -0.388948
vn 0.173089 0.904853 -0.388948
vn 0.173089 0.904853 -0.388948
vn 0.173089 0.904853 -0.388948
vn 0.173089 0.904853 -0.388948
vn 0.173089 0.904853 -0.388948
vn 0.642822 -0.750724 -0.152295
vn 0.642822 -0.750724 -0.152295
vn 0.642822 -0.750724 -0.152295
vn 0.642822 -0.750724 -0.152295
vn 0.642822 -0.750724 -0.152295
vn -0.304836 0.796938 -0.521502
vn -0.304836 0.796938 -0.521502
vn -0.304836 0.796938 -0.521502
vn 0.719531 0.177093 -0.671501
vn 0.719531 0.177093 -0.671501
vn 0.719531 0.177093 -0.671501
vn 0.719531 0.177093 -0.671501
vn 0.719531 0.177093 -0.671501
vn 0.719531 0.177093 -0.671501
vn -0.447190 -0.891538 -0.071987
vn -0.447190 -0.891537 -0.071987
vn -0.447190 -0.891538 -0.071987
vn -0.447190 -0.891537 -0.071987
vn -0.447190 -0.891537 -0.071987
vn -0.064323 -0.383681 -0.921223
vn -0.064323 -0.383681 -0.921223
vn -0.064323 -0.383681 -0.921223
vn -0.064323 -0.383681 -0.921223
vn -0.910621 0.254295 -0.325736
vn -0.910621 0.254295 -0.325736
vn -0.910621 0.254295 -0.325736
vn -0.910621 0.254295 -0.325736
vn -0.910621 0.254295 -0.325736
vn -0.910621 0.254295 -0.325736
vn 0.237553 0.275856 -0.931382
vn 0.237553 0.275856 -0.931382
vn 0.237553 0.275856 -0.931382
vn 0.237553 0.275856 -0.931382
vn 0.237553 0.275856 -0.931382
vn 0.324886 -0.091371 -0.941329
vn 0.324887 -0.091371 -0.941329
vn 0.324887 -0.091371 -0.941329
vn 0.324887 -0.091371 -0.941329
vn 0.324887 -0.091371 -0.941329
vn 0.393275 -0.362384 0.844993
vn 0.393275 -0.362384 0.844993
vn 0.393275 -0.362384 0.844993
vn 0.393275 -0.362384 0.844993
vn -0.143910 -0.050081 0.988323
vn -0.143910 -0.050081 0.988323
vn -0.143910 -0.050081 0.988323
vn -0.143910 -0.050081 0.988323
vn -0.143910 -0.050081 0.988323
vn -0.143910 -0.050081 0.988323
vn -0.596586 -0.417060 -0.685672
vn -0.596586 -0.417060 -0.685672
vn -0.596586 -0.417060 -0.685672
vn -0.596586 -0.417060 -0.685672
vn -0.596586 -0.417060 -0.685672
vn -0.596586 -0.417060 -0.685673
vn -0.108184 0.986384 -0.123868
vn -0.108184 0.986384 -0.123868
vn -0.108184 0.986384 -0.123868
vn -0.108184 0.986384 -0.123868
vn -0.108184 0.986384 -0.123868
vn -0.108184 0.986384 -0.123869
vn -0.506402 0.300337 0.808303
vn -0.506402 0.300337 0.808303
vn -0.506402 0.300337 0.808303
vn -0.506402 0.300337 0.808303
vn -0.506402 0.300337 0.808303
vn -0.506402 0.300337 0.808303
vn -0.638127 0.228186 -0.735340
vn -0.638127 0.228186 -0.735340
vn -0.638127 0.228186 -0.735340
vn -0.332542 0.250041 -0.909338
vn -0.332542 0.250041 -0.909338
vn -0.332542 0.250041 -0.909338
vn -0.332542 0.250041 -0.909338
vn -0.332542 0.250041 -0.909338
vn -0.332542 0.250041 -0.909338
vn -0.818644 0.488195 0.302468
vn -0.818644 0.488195 0.302468
vn -0.818644 0.488195 0.302468
vn -0.818644 0.488195 0.302468
vn -0.818644 0.488195 0.302468
vn -0.818644 0.488195 0.302468
vn -0.483237 -0.807965 0.337157
vn -0.483237 -0.807965 0.337157
vn -0.483237 -0.807965 0.337157
vn 0.527047 -0.607216 -0.594567
vn 0.527047 -0.607216 -0.594567
vn 0.527047 -0.607216 -0.594567
vn 0.527047 -0.607216 -0.594567
vn 0.527047 -0.607216 -0.594567
vn 0.527047 -0.607216 -0.594567
vn -0.413885 -0.907006 0.077713
vn -0.413885 -0.907006 0.077713
vn -0.413885 -0.907006 0.077713
vn -0.413885 -0.907006 0.077713
vn -0.413885 -0.907006 0.077713
vn -0.413885 -0.907006 0.077713
vn -0.413885 -0.907006 0.077713
vn 0.992049 0.112364 0.056682
vn 0.992049 0.112364 0.056682
vn 0.992049 0.112364 0.056682
vn 0.992049 0.112364 0.056682
vn 0.992049 0.112364 0.056682
vn 0.992049 0.112364 0.056682
vn 0.607248 0.791153 0.072979
vn 0.607248 0.791153 0.072979
vn 0.607248 0.791153 0.072979
vn 0.607248 0.791153 0.072979
vn 0.523730 -0.058203 0.849894
vn 0.523730 -0.058203 0.849894
vn 0.523730 -0.058203 0.849894
vn 0.523730 -0.058203 0.849894
vn 0.523730 -0.058203 0.849894
vn 0.257034 0.263487 0.929789
vn 0.257034 0.263487 0.929789
vn 0.257034 0.263487 0.929789
vn 0.257034 0.263487 0.929789
vn 0.257034 0.263487 0.929789
vn 0.257034 0.263487 0.929789
vn 0.906685 0.106091 -0.408248
vn 0.906685 0.106091 -0.408248
vn 0.906685 0.106091 -0.408248
vn 0.906685 0.106091 -0.408248
vn 0.906685 0.106091 -0.408248
vn 0.828607 -0.438173 -0.348445
vn 0.828607 -0.438173 -0.348445
vn 0.828607 -0.438173 -0.348445
vn 0.828607 -0.438173 -0.348445
vn 0.828607 -0.438173 -0.348445
vn -0.363010 -0.302505 0.881314
vn -0.363010 -0.302505 0.881314
vn -0.363010 -0.302505 0.881314
vn -0.363010 -0.302505 0.881314
vn -0.791519 0.219267 0.570455
vn -0.791519 0.219267 0.570455
vn -0.791519 0.219267 0.570455
vn -0.791519 0.219267 0.570455
vn -0.791519 0.219267 0.570455
vn -0.791519 0.219267 0.570455
vn -0.415200 -0.548201 -0.726006
vn -0.415200 -0.548201 -0.726006
vn -0.415200 -0.548201 -0.726006
vn -0.415199 -0.548201 -0.726006
vn -0.415200 -0.548201 -0.726006
vn -0.415200 -0.548201 -0.726006
vn 0.482749 0.854867 -0.190147
vn 0.482749 0.854867 -0.190147
vn 0.482749 0.854867 -0.190147
vn 0.482749 0.854867 -0.190147
vn 0.482749 0.854867 -0.190147
vn 0.482749 0.854867 -0.190147
vn -0.716179 0.695922 0.052722
vn -0.716179 0.695922 0.052722
vn -0.716179 0.695922 0.052722
vn -0.716179 0.695922 0.052722
vn -0.716179 0.695922 0.052722
vn -0.716179 0.695922 0.052722
vn -0.015878 0.177348 -0.984020
vn -0.015878 0.177348 -0.984020
vn -0.015878 0.177348 -0.984020
vn 0.389096 0.143482 -0.909955
vn 0.389096 0.143482 -0.909955
vn 0.389096 0.143482 -0.909955
vn 0.389096 0.143482 -0.909955
vn 0.389096 0.143482 -0.909955
vn 0.389096 0.143482 -0.909955
vn -0.484632 0.721977 -0.493844
vn -0.484632 0.721977 -0.493844
vn -0.484632 0.721977 -0.493844
vn -0.484632 0.721977 -0.493844
vn -0.484632 0.721977 -0.493844
vn -0.484632 0.721977 -0.493844
vn -0.798375 -0.599143 -0.060213
vn -0.798375 -0.599143 -0.060213
vn -0.798375 -0.599143 -0.060213
vn 0.315351 -0.940066 0.129729
vn 0.315351 -0.940066 0.129729
vn 0.315351 -0.940066 0.129729
vn 0.315351 -0.940066 0.129729
vn 0.315351 -0.940066 0.129729
vn 0.315351 -0.940066 0.129729
vn -0.696550 -0.708010 -0.116363
vn -0.696550 -0.708010 -0.116363
vn -0.696550 -0.708010 -0.116363
vn -0.696550 -0.708010 -0.116363
vn -0.696550 -0.708010 -0.116363
vn -0.696550 -0.708010 -0.116363
vn -0.696550 -0.708010 -0.116363
vn 0.751576 0.048018 0.657897
vn 0.751576 0.048018 0.657897
vn 0.751576 0.048018 0.657897
vn 0.751576 0.048018 0.657897
vn 0.751576 0.048018 0.657897
vn 0.751576 0.048018 0.657897
vn 0.715255 0.636115 0.289426
vn 0.715255 0.636115 0.289426
vn 0.715255 0.636115 0.289426
vn 0.715255 0.636115 0.289426
vn -0.019978 0.083030 0.996347
vn -0.019978 0.083030 0.996347
vn -0.019978 0.083030 0.996347
vn -0.019978 0.083030 0.996347
vn -0.019978 0.083030 0.996347
vn -0.063764 0.585156 0.808410
vn -0.063764 0.585156 0.808410
vn -0.063764 0.585156 0.808410
vn -0.063764 0.585156 0.808410
vn -0.063764 0.585156 0.808410
vn -0.063764 0.585156 0.808410
vn -0.832658 0.491577 0.255014
vn -0.832658 0.491577 0.255014
vn -0.832658 0.491577 0.255014
vn -0.832658 0.491577 0.255014
vn -0.832658 0.491577 0.255014
vn -0.444308 0.495591 0.746311
vn -0.444308 0.495591 0.746311
vn -0.444308 0.495591 0.746311
vn -0.444308 0.495591 0.746311
vn -0.444308 0.495591 0.746311
vn 0.417290 -0.870543 0.260815
vn 0.417290 -0.870543 0.260815
vn 0.417290 -0.870543 0.260815
vn 0.417290 -0.870543 0.260815
vn 0.532213 -0.700831 -0.474959
vn 0.532213 -0.700831 -0.474959
vn 0.532213 -0.700831 -0.474959
vn 0.532213 -0.700831 -0.474959
vn 0.532213 -0.700831 -0.474959
vn 0.532213 -0.700831 -0.474959
vn 0.827955 0.554846 0.081461
vn 0.827955 0.554846 0.081461
vn 0.827955 0.554846 0.081461
vn 0.827955 0.554846 0.081461
vn 0.827955 0.554846 0.081461
vn 0.827955 0.554846 0.081461
vn -0.883884 0.197782 -0.423828
vn -0.883884 0.197782 -0.423828
vn -0.883884 0.197782 -0.423828
vn -0.883884 0.197782 -0.423828
vn -0.883884 0.197782 -0.423828
vn -0.883884 0.197782 -0.423828
vn 0.175207 -0.180791 -0.967790
vn 0.175207 -0.180791 -0.967790
vn 0.175207 -0.180791 -0.967790
vn 0.175207 -0.180791 -0.967790
vn 0.175207 -0.180791 -0.967790
vn 0.175207 -0.180791 -0.967790
vn 0.056350 0.926573 -0.371870
vn 0.056350 0.926573 -0.371870
vn 0.056350 0.926573 -0.371870
vn -0.331351 0.934809 -0.127824
vn -0.331351 0.934809 -0.127824
vn -0.331351 0.934809 -0.127824
vn -0.331351 0.934809 -0.127824
vn -0.331351 0.934809 -0.127824
vn -0.331351 0.934809 -0.127824
vn 0.018540 0.370394 -0.928690
vn 0.018540 0.370394 -0.928690
vn 0.018540 0.370394 -0.928690
vn 0.018540 0.370394 -0.928690
vn 0.018540 0.370394 -0.928690
vn 0.018540 0.370394 -0.928690
vn 0.996265 -0.046143 0.072981
vn 0.996265 -0.046143 0.072981
vn 0.996265 -0.046143 0.072981
vn 0.358280 -0.055657 0.931954
vn 0.358280 -0.055657 0.931954
vn 0.358280 -0.055657 0.931954
vn 0.358280 -0.055657 0.931954
vn 0.358280 -0.055657 0.931954
vn 0.358280 -0.055657 0.931954
vn 0.984300 0.010843 0.176170
vn 0.984300 0.010843 0.176170
vn 0.984300 0.010843 0.176170
vn 0.984300 0.010843 0.176170
vn 0.984300 0.010843 0.176170
vn 0.984300 0.010843 0.176170
vn 0.984300 0.010843 0.176170
vn -0.785637 -0.450109 0.424471
vn -0.785637 -0.450109 0.424471
vn -0.785637 -0.450109 0.424471
vn -0.785637 -0.450109 0.424471
vn -0.785637 -0.450109 0.424471
vn -0.785637 -0.450109 0.424471
vn -0.986042 -0.139587 -0.090757
vn -0.986042 -0.139587 -0.090757
vn -0.986042 -0.139587 -0.090757
vn -0.986042 -0.139587 -0.090757
vn -0.222310 -0.964672 0.141373
vn -0.222310 -0.964672 0.141373
vn -0.222310 -0.964672 0.141373
vn -0.222310 -0.964672 0.141373
vn -0.222310 -0.964672 0.141373
vn -0.517532 -0.783789 -0.343272
vn -0.517531 -0.783789 -0.343272
vn -0.517532 -0.783789 -0.343272
vn -0.517532 -0.783789 -0.343272
vn -0.517532 -0.783789 -0.343272
vn -0.517532 -0.783789 -0.343272
vn 0.618779 0.785215 0.023451
vn 0.618779 0.785215 0.023451
vn 0.618779 0.785215 0.023451
vn 0.618779 0.785215 0.023451
vn 0.618779 0.785215 0.023451
vn 0.289312 0.934202 0.208724
vn 0.289312 0.934202 0.208724
vn 0.289312 0.934202 0.208724
vn 0.289312 0.934202 0.208724
vn 0.289312 0.934202 0.208724
vn -0.991662 -0.033616 -0.124402
vn -0.991662 -0.033616 -0.124402
vn -0.991662 -0.033616 -0.124402
vn -0.991662 -0.033616 -0.124402
vn -0.597934 -0.774932 -0.204829
vn -0.597934 -0.774932 -0.204829
vn -0.597934 -0.774932 -0.204829
vn -0.597934 -0.774932 -0.204829
vn -0.597934 -0.774932 -0.204829
vn -0.597934 -0.774932 -0.204829
vn 0.797852 -0.002446 0.602848
vn 0.797852 -0.002446 0.602848
vn 0.797852 -0.002446 0.602848
vn 0.797852 -0.002446 0.602848
vn 0.797852 -0.002446 0.602848
vn 0.797852 -0.002446 0.602848
vn 0.772893 -0.360169 -0.522411
vn 0.772893 -0.360169 -0.522411
vn 0.772894 -0.360169 -0.522411
vn 0.772894 -0.360169 -0.522411
vn 0.772894 -0.360169 -0.522412
vn 0.772893 -0.360169 -0.522411
vn 0.083896 -0.974023 -0.210333
vn 0.083896 -0.974023 -0.210333
vn 0.083896 -0.974023 -0.210333
vn 0.083896 -0.974023 -0.210333
vn 0.083896 -0.974023 -0.210333
vn 0.083896 -0.974023 -0.210333
vn 0.963205 -0.169687 0.208429
vn 0.963205 -0.169687 0.208429
vn 0.963205 -0.169687 0.208429
vn 0.970043 0.155504 0.186644
vn 0.970043 0.155504 0.186644
vn 0.970042 0.155504 0.186644
vn 0.970043 0.155504 0.186644
vn 0.970042 0.155504 0.186644
vn 0.970043 0.155504 0.186644
vn 0.598530 -0.797528 -0.075576
vn 0.598530 -0.797528 -0.075576
vn 0.598530 -0.797528 -0.075576
vn 0.598530 -0.797528 -0.075576
vn 0.598530 -0.797528 -0.075576
vn 0.598530 -0.797528 -0.075576
vn -0.314217 -0.586432 0.746569
vn -0.314217 -0.586432 0.746569
vn -0.314217 -0.586432 0.746569
vn -0.357949 0.888532 0.287026
vn -0.357949 0.888531 0.287026
vn -0.357949 0.888531 0.287026
vn -0.357949 0.888531 0.287026
vn -0.357949 0.888531 0.287026
vn -0.357949 0.888531 0.287026
vn -0.243742 -0.224725 0.943445
vn -0.243742 -0.224725 0.943445
vn -0.243742 -0.224725 0.943445
vn -0.243742 -0.224725 0.943445
vn -0.243742 -0.224725 0.943445
vn -0.243742 -0.224725 0.943445
vn -0.243742 -0.224725 0.943445
vn -0.695548 0.655848 -0.293387
vn -0.695548 0.655848 -0.293387
vn -0.695548 0.655848 -0.293387
vn -0.695548 0.655848 -0.293387
vn -0.695548 0.655848 -0.293387
vn -0.695548 0.655848 -0.293387
vn -0.256416 0.371700 -0.892239
vn -0.256416 0.371700 -0.892239
vn -0.256416 0.371700 -0.892239
vn -0.256416 0.371700 -0.892239
vn -0.951313 -0.014019 -0.307909
vn -0.951313 -0.014019 -0.307909
vn -0.951312 -0.014019 -0.307909
vn -0.951312 -0.014019 -0.307909
vn -0.951312 -0.014019 -0.307909
vn -0.754240 -0.432184 -0.494306
vn -0.754240 -0.432184 -0.494306
vn -0.754240 -0.432184 -0.494306
vn -0.754240 -0.432184 -0.494306
vn -0.754240 -0.432184 -0.494306
vn -0.754240 -0.432184 -0.494306
vn -0.281768 -0.863483 -0.418336
vn -0.281768 -0.863483 -0.418336
vn -0.281768 -0.863483 -0.418336
vn -0.281768 -0.863483 -0.418336
vn -0.281768 -0.863483 -0.418336
vn -0.070550 -0.416176 0.906543
vn -0.070550 -0.416176 0.906543
vn -0.070550 -0.416176 0.906543
vn -0.070550 -0.416176 0.906543
vn -0.956885 0.284948 0.056346
vn -0.956885 0.284948 0.056346
vn -0.956885 0.284948 0.056346
vn -0.956885 0.284948 0.056346
vn -0.956885 0.284948 0.056346
vn 0.956885 -0.284948 -0.056346
vn 0.956885 -0.284948 -0.056346
vn 0.956885 -0.284948 -0.056346
vn 0.956885 -0.284948 -0.056346
vn 0.956885 -0.284948 -0.056346
vn 0.281768 0.863483 0.418335
vn 0.281768 0.863483 0.418335
vn 0.281768 0.863483 0.418335
vn 0.281768 0.863483 0.418335
vn 0.281768 0.863483 0.418335
vn 0.281768 0.863483 0.418335
vn 0.661741 -0.504907 -0.554227
vn 0.661741 -0.504907 -0.554227
vn 0.661741 -0.504907 -0.554227
vn 0.661741 -0.504907 -0.554227
vn 0.661741 -0.504907 -0.554227
vn -0.216641 0.949986 0.224931
vn -0.216641 0.949986 0.224931
vn -0.216641 0.949986 0.224931
vn 0.868690 0.439194 -0.229099
vn 0.868690 0.439194 -0.229099
vn 0.868690 0.439194 -0.229099
vn 0.868690 0.439194 -0.229099
vn 0.868690 0.439194 -0.229099
vn 0.868690 0.439194 -0.229099
vn -0.508104 -0.485851 -0.711182
vn -0.508104 -0.485851 -0.711182
vn -0.508104 -0.485851 -0.711182
vn -0.508104 -0.485851 -0.711182
vn -0.508104 -0.485851 -0.711182
vn 0.070548 0.416175 -0.906544
vn 0.070548 0.416175 -0.906544
vn 0.070548 0.416175 -0.906544
vn 0.070548 0.416175 -0.906544
vn -0.850095 0.521953 -0.070023
vn -0.850095 0.521953 -0.070023
vn -0.850095 0.521953 -0.070023
vn -0.850095 0.521953 -0.070023
vn -0.850095 0.521953 -0.070023
vn -0.850095 0.521953 -0.070023
s 1
g Diamond_Ore Ores
usemtl Diamond_OreSG
f 2/3/1 11/19/2 17/30/3
f 17/30/3 11/19/2 20/34/4
s 2
f 5/8/5 19/33/6 3/5/7
f 3/5/7 19/33/6 18/32/8
s 3
f 21/36/9 15/26/10 18/32/11
f 15/26/10 12/21/12 18/32/11
f 12/21/12 4/7/13 18/32/11
f 4/7/13 3/5/14 18/32/11
s 4
f 19/33/15 5/8/16 17/31/17
f 5/8/16 6/10/18 17/31/17
f 17/31/17 6/10/18 2/4/19
f 6/10/18 1/2/20 2/4/19
s 5
f 7/11/21 14/25/22 10/16/23
f 10/16/23 14/25/22 16/28/24
s 6
f 11/18/25 2/4/26 10/17/27
f 10/17/27 2/4/26 7/12/28
f 7/12/28 2/4/26 22/38/29
f 22/38/29 2/4/26 8/13/30
f 8/13/30 2/4/26 1/1/31
s 7
f 3/5/32 4/6/33 5/8/34
f 4/6/33 9/14/35 5/8/34
f 9/14/35 25/44/36 5/8/34
f 25/44/36 23/40/37 5/8/34
f 23/40/37 6/10/38 5/8/34
s 8
f 13/22/39 14/24/40 9/15/41
f 9/15/41 14/24/40 25/43/42
f 14/24/40 7/12/43 25/43/42
f 8/13/44 24/41/45 22/38/46
f 24/41/45 25/43/42 22/38/46
f 7/12/43 22/38/46 25/43/42
s 10
f 12/20/47 13/23/48 4/6/49
f 4/6/49 13/23/48 9/15/50
s 11
f 12/21/51 15/27/52 13/23/53
f 15/27/52 16/28/54 13/23/53
f 16/28/54 14/24/55 13/23/53
s 12
f 15/27/56 21/37/57 16/29/58
f 16/29/58 21/37/57 10/16/59
f 21/37/57 20/35/60 10/16/59
f 20/35/60 11/18/61 10/16/59
s 13
f 18/32/62 19/33/63 21/36/64
f 21/36/64 19/33/63 20/35/65
f 17/30/66 20/35/65 19/33/63
s 14
f 1/1/67 6/9/68 8/13/69
f 8/13/69 6/9/68 24/42/70
f 23/39/71 24/42/70 6/9/68
s off
f 23/40/72 25/43/73 24/42/74
s 15
usemtl Diamond_OreSG1
f 26/45/75 27/46/76 30/49/77
f 27/46/76 31/47/78 30/49/77
f 31/47/78 32/48/79 30/49/77
s 16
f 28/50/80 29/51/81 26/53/82
f 26/53/82 29/51/81 27/52/83
s 17
f 27/46/84 29/54/85 31/47/86
f 39/56/87 31/47/86 38/55/88
f 29/54/85 38/55/88 31/47/86
s 18
f 28/57/89 26/45/90 34/59/91
f 26/45/90 30/49/92 34/59/91
f 30/49/92 36/58/93 34/59/91
s 19
f 35/61/94 41/62/95 34/60/96
f 41/62/95 38/63/97 34/60/96
f 34/60/96 38/63/97 28/50/98
f 38/63/97 29/51/99 28/50/98
s 20
f 30/49/100 32/48/101 36/58/102
f 37/64/103 36/58/102 33/65/104
f 36/58/102 32/48/101 33/65/104
s off
f 35/61/105 43/66/106 41/62/107
s 21
f 34/59/108 36/58/109 35/61/110
f 37/67/111 42/68/112 36/58/109
f 35/61/110 36/58/109 43/66/113
f 36/58/109 42/68/112 43/66/113
s 23
f 31/47/114 39/69/115 32/48/116
f 40/70/117 33/65/118 39/69/115
f 32/48/116 39/69/115 33/65/118
s 24
f 42/72/119 37/67/120 40/71/121
f 40/71/121 37/67/120 33/73/122
s 25
f 38/63/123 41/62/124 39/56/125
f 41/62/124 43/66/126 39/56/125
f 43/66/126 42/72/127 39/56/125
f 39/56/125 42/72/127 40/70/128
s 26
f 52/75/129 51/76/130 44/74/131
f 44/74/131 51/76/130 67/78/132
f 51/76/130 66/77/133 67/78/132
s 27
f 46/80/134 54/81/135 45/79/136
f 54/81/135 52/75/137 45/79/136
f 45/79/136 52/75/137 44/74/138
s 28
f 49/82/139 50/83/140 60/85/141
f 60/85/141 50/83/140 62/84/142
s 29
f 68/87/143 47/88/144 71/86/145
f 47/88/144 63/89/146 71/86/145
f 62/84/147 50/83/148 63/89/146
f 50/83/148 71/86/145 63/89/146
s 30
f 59/91/149 65/92/150 46/80/151
f 46/80/151 65/92/150 54/81/152
f 54/81/152 65/92/150 53/90/153
f 53/90/153 65/92/150 55/93/154
s 31
f 57/94/155 56/95/156 51/76/157
f 56/95/156 69/96/158 51/76/157
f 69/96/158 73/97/159 51/76/157
f 73/97/159 66/77/160 51/76/157
s 32
f 69/96/161 56/95/162 68/87/163
f 56/95/162 64/98/164 68/87/163
f 64/98/164 61/99/165 68/87/163
f 61/99/165 47/88/166 68/87/163
s off
f 55/93/167 58/100/168 53/90/169
s 33
f 51/76/170 52/75/171 57/94/172
f 52/75/171 54/81/173 57/94/172
f 57/94/172 54/81/173 58/100/174
f 58/100/174 54/81/173 53/90/175
s 34
f 56/95/176 57/94/177 64/98/178
f 57/94/177 58/100/179 64/98/178
f 64/98/178 58/100/179 65/92/180
f 58/100/179 55/93/181 65/92/180
s off
f 61/99/182 63/89/183 47/88/184
s 35
f 45/79/185 48/101/186 46/80/187
f 48/101/186 49/82/188 46/80/187
f 49/82/188 60/85/189 46/80/187
f 60/85/189 59/91/190 46/80/187
s 36
f 60/85/191 62/84/192 59/91/193
f 65/92/194 59/91/193 64/98/195
f 64/98/195 59/91/193 61/99/196
f 61/99/196 59/91/193 63/89/197
f 59/91/193 62/84/192 63/89/197
s 38
f 48/101/198 45/79/199 70/103/200
f 67/78/201 72/102/202 44/74/203
f 72/102/202 70/103/200 44/74/203
f 70/103/200 45/79/199 44/74/203
s 40
f 67/78/204 66/77/205 72/102/206
f 72/102/206 66/77/205 73/97/207
s 41
f 70/103/208 71/86/209 48/101/210
f 71/86/209 50/83/211 48/101/210
f 50/83/211 49/82/212 48/101/210
s 42
f 71/86/213 70/103/214 68/87/215
f 69/96/216 68/87/215 73/97/217
f 68/87/215 70/103/214 73/97/217
f 70/103/214 72/102/218 73/97/217
s 43
f 80/107/219 78/108/220 79/106/221
f 79/106/221 78/108/220 75/105/222
f 74/104/223 75/105/222 78/108/220
s 44
f 76/109/224 77/110/225 74/112/226
f 74/112/226 77/110/225 75/111/227
s 45
f 87/115/228 79/106/229 86/114/230
f 79/106/229 75/105/231 86/114/230
f 75/105/231 77/113/232 86/114/230
s 46
f 84/117/233 82/118/234 78/108/235
f 82/118/234 76/116/236 78/108/235
f 76/116/236 74/104/237 78/108/235
s 47
f 83/120/238 89/121/239 82/119/240
f 89/121/239 86/122/241 82/119/240
f 82/119/240 86/122/241 76/109/242
f 86/122/241 77/110/243 76/109/242
s 48
f 78/108/244 80/107/245 84/117/246
f 81/124/247 85/123/248 80/107/245
f 85/123/248 84/117/246 80/107/245
s off
f 83/120/249 91/125/250 89/121/251
s 49
f 82/118/252 84/117/253 83/120/254
f 85/126/255 90/127/256 84/117/253
f 83/120/254 84/117/253 91/125/257
f 84/117/253 90/127/256 91/125/257
s 51
f 79/106/258 87/128/259 80/107/260
f 88/129/261 81/124/262 87/128/259
f 80/107/260 87/128/259 81/124/262
s 52
f 90/131/263 85/126/264 88/130/265
f 88/130/265 85/126/264 81/132/266
s 53
f 86/122/267 89/121/268 87/115/269
f 88/129/270 87/115/269 90/131/271
f 90/131/271 87/115/269 91/125/272
f 87/115/269 89/121/268 91/125/272
s 55
f 98/136/273 96/137/274 97/135/275
f 97/135/275 96/137/274 93/134/276
f 92/133/277 93/134/276 96/137/274
s 56
f 94/138/278 95/139/279 92/141/280
f 92/141/280 95/139/279 93/140/281
s 57
f 105/144/282 97/135/283 104/143/284
f 97/135/283 93/134/285 104/143/284
f 93/134/285 95/142/286 104/143/284
s 58
f 102/146/287 100/147/288 96/137/289
f 100/147/288 94/145/290 96/137/289
f 94/145/290 92/133/291 96/137/289
s 59
f 101/149/292 107/150/293 100/148/294
f 107/150/293 104/151/295 100/148/294
f 100/148/294 104/151/295 94/138/296
f 104/151/295 95/139/297 94/138/296
s 60
f 96/137/298 98/136/299 102/146/300
f 99/153/301 103/152/302 98/136/299
f 103/152/302 102/146/300 98/136/299
s off
f 101/149/303 109/154/304 107/150/305
s 61
f 100/147/306 102/146/307 101/149/308
f 103/155/309 108/156/310 102/146/307
f 101/149/308 102/146/307 109/154/311
f 102/146/307 108/156/310 109/154/311
s 63
f 97/135/312 105/157/313 98/136/314
f 106/158/315 99/153/316 105/157/313
f 98/136/314 105/157/313 99/153/316
s 64
f 108/160/317 103/155/318 106/159/319
f 106/159/319 103/155/318 99/161/320
s 65
f 104/151/321 107/150/322 105/144/323
f 106/158/324 105/144/323 108/160/325
f 108/160/325 105/144/323 109/154/326
f 105/144/323 107/150/322 109/154/326
s 67
f 116/165/327 114/166/328 115/164/329
f 115/164/329 114/166/328 111/163/330
f 110/162/331 111/163/330 114/166/328
s 68
f 112/167/332 113/168/333 110/170/334
f 110/170/334 113/168/333 111/169/335
s 69
f 123/173/336 115/164/337 122/172/338
f 115/164/337 111/163/339 122/172/338
f 111/163/339 113/171/340 122/172/338
s 70
f 120/175/341 118/176/342 114/166/343
f 118/176/342 112/174/344 114/166/343
f 112/174/344 110/162/345 114/166/343
s 71
f 119/178/346 125/179/347 118/177/348
f 125/179/347 122/180/349 118/177/348
f 118/177/348 122/180/349 112/167/350
f 122/180/349 113/168/351 112/167/350
s 72
f 114/166/352 116/165/353 120/175/354
f 117/182/355 121/181/356 116/165/353
f 121/181/356 120/175/354 116/165/353
s off
f 119/178/357 127/183/358 125/179/359
s 73
f 118/176/360 120/175/361 119/178/362
f 121/184/363 126/185/364 120/175/361
f 119/178/362 120/175/361 127/183/365
f 120/175/361 126/185/364 127/183/365
s 75
f 115/164/366 123/186/367 116/165/368
f 124/187/369 117/182/370 123/186/367
f 116/165/368 123/186/367 117/182/370
s 76
f 126/189/371 121/184/372 124/188/373
f 124/188/373 121/184/372 117/190/374
s 77
f 122/180/375 125/179/376 123/173/377
f 124/187/378 123/173/377 126/189/379
f 126/189/379 123/173/377 127/183/380
f 123/173/377 125/179/376 127/183/380
s 79
f 136/192/381 135/193/382 128/191/383
f 128/191/383 135/193/382 151/195/384
f 135/193/382 150/194/385 151/195/384
s 80
f 130/197/386 138/198/387 129/196/388
f 138/198/387 136/192/389 129/196/388
f 129/196/388 136/192/389 128/191/390
s 81
f 133/199/391 134/200/392 144/202/393
f 144/202/393 134/200/392 146/201/394
s 82
f 152/204/395 131/205/396 155/203/397
f 131/205/396 147/206/398 155/203/397
f 146/201/399 134/200/400 147/206/398
f 134/200/400 155/203/397 147/206/398
s 83
f 149/209/401 139/210/402 143/208/403
f 143/208/403 139/210/402 130/197/404
f 139/210/402 137/207/405 130/197/404
f 137/207/405 138/198/406 130/197/404
s 84
f 141/211/407 140/212/408 135/193/409
f 140/212/408 153/213/410 135/193/409
f 153/213/410 157/214/411 135/193/409
f 157/214/411 150/194/412 135/193/409
s 85
f 153/213/413 140/212/414 152/204/415
f 140/212/414 148/215/416 152/204/415
f 148/215/416 145/216/417 152/204/415
f 145/216/417 131/205/418 152/204/415
s off
f 139/210/419 142/217/420 137/207/421
s 86
f 135/193/422 136/192/423 141/211/424
f 138/198/425 137/207/426 136/192/423
f 137/207/426 142/217/427 136/192/423
f 142/217/427 141/211/424 136/192/423
s 88
f 140/212/428 141/211/429 148/215/430
f 141/211/429 142/217/431 148/215/430
f 148/215/430 142/217/431 149/209/432
f 142/217/431 139/210/433 149/209/432
s off
f 145/216/434 147/206/435 131/205/436
s 89
f 129/196/437 132/218/438 130/197/439
f 132/218/438 133/199/440 130/197/439
f 133/199/440 144/202/441 130/197/439
f 144/202/441 143/208/442 130/197/439
s 90
f 143/208/443 144/202/444 149/209/445
f 149/209/445 144/202/444 148/215/446
f 148/215/446 144/202/444 145/216/447
f 145/216/447 144/202/444 147/206/448
f 144/202/444 146/201/449 147/206/448
s 91
f 132/218/450 129/196/451 154/220/452
f 151/195/453 156/219/454 128/191/455
f 156/219/454 154/220/452 128/191/455
f 154/220/452 129/196/451 128/191/455
s 93
f 151/195/456 150/194/457 156/219/458
f 156/219/458 150/194/457 157/214/459
s 94
f 154/220/460 155/203/461 132/218/462
f 132/218/462 155/203/461 133/199/463
f 155/203/461 134/200/464 133/199/463
s 95
f 155/203/465 154/220/466 152/204/467
f 157/214/468 153/213/469 156/219/470
f 156/219/470 153/213/469 154/220/466
f 152/204/467 154/220/466 153/213/469
s 97
f 164/224/471 162/225/472 163/223/473
f 163/223/473 162/225/472 159/222/474
f 158/221/475 159/222/474 162/225/472
s 98
f 160/226/476 161/227/477 158/229/478
f 158/229/478 161/227/477 159/228/479
s 99
f 171/232/480 163/223/481 170/231/482
f 163/223/481 159/222/483 170/231/482
f 159/222/483 161/230/484 170/231/482
s 100
f 168/234/485 166/235/486 162/225/487
f 166/235/486 160/233/488 162/225/487
f 160/233/488 158/221/489 162/225/487
s 101
f 167/237/490 173/238/491 166/236/492
f 173/238/491 170/239/493 166/236/492
f 166/236/492 170/239/493 160/226/494
f 170/239/493 161/227/495 160/226/494
s 102
f 162/225/496 164/224/497 168/234/498
f 165/241/499 169/240/500 164/224/497
f 169/240/500 168/234/498 164/224/497
s off
f 167/237/501 175/242/502 173/238/503
s 103
f 166/235/504 168/234/505 167/237/506
f 169/243/507 174/244/508 168/234/505
f 167/237/506 168/234/505 175/242/509
f 168/234/505 174/244/508 175/242/509
s 105
f 163/223/510 171/245/511 164/224/512
f 172/246/513 165/241/514 171/245/511
f 164/224/512 171/245/511 165/241/514
s 106
f 174/248/515 169/243/516 172/247/517
f 172/247/517 169/243/516 165/249/518
s 107
f 170/239/519 173/238/520 171/232/521
f 172/246/522 171/232/521 174/248/523
f 174/248/523 171/232/521 175/242/524
f 171/232/521 173/238/520 175/242/524
s 109
f 182/253/525 180/254/526 181/252/527
f 181/252/527 180/254/526 177/251/528
f 176/250/529 177/251/528 180/254/526
s 110
f 178/255/530 179/256/531 176/258/532
f 176/258/532 179/256/531 177/257/533
s 111
f 177/251/534 179/259/535 181/252/536
f 189/261/537 181/252/536 188/260/538
f 179/259/535 188/260/538 181/252/536
s 112
f 178/262/539 176/250/540 184/264/541
f 176/250/540 180/254/542 184/264/541
f 180/254/542 186/263/543 184/264/541
s 113
f 185/266/544 191/267/545 184/265/546
f 191/267/545 188/268/547 184/265/546
f 184/265/546 188/268/547 178/255/548
f 188/268/547 179/256/549 178/255/548
s 114
f 180/254/550 182/253/551 186/263/552
f 187/269/553 186/263/552 183/270/554
f 186/263/552 182/253/551 183/270/554
s off
f 185/266/555 193/271/556 191/267/557
s 115
f 184/264/558 186/263/559 185/266/560
f 187/272/561 192/273/562 186/263/559
f 185/266/560 186/263/559 193/271/563
f 186/263/559 192/273/562 193/271/563
s 117
f 181/252/564 189/274/565 182/253/566
f 190/275/567 183/270/568 189/274/565
f 182/253/566 189/274/565 183/270/568
s 118
f 192/277/569 187/272/570 190/276/571
f 190/276/571 187/272/570 183/278/572
s 119
f 188/268/573 191/267/574 189/261/575
f 190/275/576 189/261/575 192/277/577
f 192/277/577 189/261/575 193/271/578
f 189/261/575 191/267/574 193/271/578
s 121
f 202/280/579 201/281/580 194/279/581
f 194/279/581 201/281/580 217/283/582
f 201/281/580 216/282/583 217/283/582
s 122
f 195/284/584 196/285/585 194/279/586
f 194/279/586 196/285/585 202/280/587
f 196/285/585 204/286/588 202/280/587
s 123
f 199/287/589 200/288/590 210/290/591
f 210/290/591 200/288/590 212/289/592
s 124
f 197/293/593 213/294/594 218/292/595
f 218/292/595 213/294/594 221/291/596
f 212/289/597 200/288/598 213/294/594
f 200/288/598 221/291/596 213/294/594
s 125
f 215/297/599 205/298/600 209/296/601
f 205/298/600 203/295/602 209/296/601
f 209/296/601 203/295/602 196/285/603
f 203/295/602 204/286/604 196/285/603
s 126
f 207/299/605 206/300/606 201/281/607
f 201/281/607 206/300/606 216/282/608
f 206/300/606 219/301/609 216/282/608
f 219/301/609 223/302/610 216/282/608
s 127
f 214/303/611 211/304/612 206/300/613
f 211/304/612 197/293/614 206/300/613
f 206/300/613 197/293/614 219/301/615
f 197/293/614 218/292/616 219/301/615
s off
f 205/298/617 208/305/618 203/295/619
s 128
f 204/286/620 203/295/621 202/280/622
f 203/295/621 208/305/623 202/280/622
f 208/305/623 207/299/624 202/280/622
f 207/299/624 201/281/625 202/280/622
s 129
f 206/300/626 207/299/627 214/303/628
f 207/299/627 208/305/629 214/303/628
f 214/303/628 208/305/629 215/297/630
f 208/305/629 205/298/631 215/297/630
s off
f 211/304/632 213/294/633 197/293/634
s 130
f 196/285/635 195/284/636 209/296/637
f 195/284/636 198/306/638 209/296/637
f 210/290/639 209/296/637 199/287/640
f 209/296/637 198/306/638 199/287/640
s 131
f 209/296/641 210/290/642 215/297/643
f 215/297/643 210/290/642 214/303/644
f 214/303/644 210/290/642 211/304/645
f 211/304/645 210/290/642 213/294/646
f 210/290/642 212/289/647 213/294/646
s 132
f 198/306/648 195/284/649 220/308/650
f 222/307/651 220/308/650 217/283/652
f 217/283/652 220/308/650 194/279/653
f 220/308/650 195/284/649 194/279/653
s 134
f 217/283/654 216/282/655 222/307/656
f 222/307/656 216/282/655 223/302/657
s 135
f 220/308/658 221/291/659 198/306/660
f 221/291/659 200/288/661 198/306/660
f 200/288/661 199/287/662 198/306/660
s 136
f 219/301/663 218/292/664 223/302/665
f 218/292/664 221/291/666 223/302/665
f 220/308/667 222/307/668 221/291/666
f 221/291/666 222/307/668 223/302/665
s 137
f 232/310/669 231/311/670 224/309/671
f 224/309/671 231/311/670 247/313/672
f 231/311/670 246/312/673 247/313/672
s 138
f 224/309/674 225/314/675 232/310/676
f 232/310/676 225/314/675 234/316/677
f 225/314/675 226/315/678 234/316/677
s 139
f 229/317/679 230/318/680 240/320/681
f 240/320/681 230/318/680 242/319/682
s 140
f 248/322/683 227/323/684 251/321/685
f 227/323/684 243/324/686 251/321/685
f 242/319/687 230/318/688 243/324/686
f 230/318/688 251/321/685 243/324/686
s 141
f 245/327/689 235/328/690 239/326/691
f 235/328/690 233/325/692 239/326/691
f 239/326/691 233/325/692 226/315/693
f 233/325/692 234/316/694 226/315/693
s 142
f 237/329/695 236/330/696 231/311/697
f 231/311/697 236/330/696 246/312/698
f 236/330/696 249/331/699 246/312/698
f 249/331/699 253/332/700 246/312/698
s 143
f 244/333/701 241/334/702 236/330/703
f 241/334/702 227/323/704 236/330/703
f 249/331/705 236/330/703 248/322/706
f 236/330/703 227/323/704 248/322/706
s off
f 235/328/707 238/335/708 233/325/709
s 144
f 234/316/710 233/325/711 232/310/712
f 233/325/711 238/335/713 232/310/712
f 238/335/713 237/329/714 232/310/712
f 237/329/714 231/311/715 232/310/712
s 145
f 236/330/716 237/329/717 244/333/718
f 237/329/717 238/335/719 244/333/718
f 244/333/718 238/335/719 245/327/720
f 238/335/719 235/328/721 245/327/720
s off
f 241/334/722 243/324/723 227/323/724
s 146
f 225/314/725 228/336/726 226/315/727
f 228/336/726 229/317/728 226/315/727
f 226/315/727 229/317/728 239/326/729
f 240/320/730 239/326/729 229/317/728
s 147
f 239/326/731 240/320/732 245/327/733
f 245/327/733 240/320/732 244/333/734
f 244/333/734 240/320/732 241/334/735
f 241/334/735 240/320/732 243/324/736
f 240/320/732 242/319/737 243/324/736
s 148
f 228/336/738 225/314/739 250/338/740
f 252/337/741 250/338/740 247/313/742
f 247/313/742 250/338/740 224/309/743
f 250/338/740 225/314/739 224/309/743
s 150
f 247/313/744 246/312/745 252/337/746
f 252/337/746 246/312/745 253/332/747
s 151
f 250/338/748 251/321/749 228/336/750
f 251/321/749 230/318/751 228/336/750
f 230/318/751 229/317/752 228/336/750
s 152
f 251/321/753 250/338/754 248/322/755
f 249/331/756 248/322/755 253/332/757
f 248/322/755 250/338/754 253/332/757
f 250/338/754 252/337/758 253/332/757
s 153
f 262/340/759 261/341/760 254/339/761
f 254/339/761 261/341/760 277/343/762
f 261/341/760 276/342/763 277/343/762
s 154
f 254/339/764 255/344/765 262/340/766
f 262/340/766 255/344/765 264/346/767
f 255/344/765 256/345/768 264/346/767
s 155
f 259/347/769 260/348/770 270/350/771
f 270/350/771 260/348/770 272/349/772
s 156
f 278/352/773 257/353/774 281/351/775
f 257/353/774 273/354/776 281/351/775
f 272/349/777 260/348/778 273/354/776
f 260/348/778 281/351/775 273/354/776
s 157
f 275/357/779 265/358/780 269/356/781
f 265/358/780 263/355/782 269/356/781
f 269/356/781 263/355/782 256/345/783
f 263/355/782 264/346/784 256/345/783
s 158
f 267/359/785 266/360/786 261/341/787
f 261/341/787 266/360/786 276/342/788
f 266/360/786 279/361/789 276/342/788
f 279/361/789 283/362/790 276/342/788
s 159
f 274/363/791 271/364/792 266/360/793
f 271/364/792 257/353/794 266/360/793
f 279/361/795 266/360/793 278/352/796
f 266/360/793 257/353/794 278/352/796
s off
f 265/358/797 268/365/798 263/355/799
s 160
f 264/346/800 263/355/801 262/340/802
f 263/355/801 268/365/803 262/340/802
f 268/365/803 267/359/804 262/340/802
f 267/359/804 261/341/805 262/340/802
s 161
f 266/360/806 267/359/807 274/363/808
f 267/359/807 268/365/809 274/363/808
f 274/363/808 268/365/809 275/357/810
f 268/365/809 265/358/811 275/357/810
s off
f 271/364/812 273/354/813 257/353/814
s 162
f 255/344/815 258/366/816 256/345/817
f 258/366/816 259/347/818 256/345/817
f 256/345/817 259/347/818 269/356/819
f 270/350/820 269/356/819 259/347/818
s 163
f 269/356/821 270/350/822 275/357/823
f 275/357/823 270/350/822 274/363/824
f 274/363/824 270/350/822 271/364/825
f 271/364/825 270/350/822 273/354/826
f 270/350/822 272/349/827 273/354/826
s 164
f 258/366/828 255/344/829 280/368/830
f 282/367/831 280/368/830 277/343/832
f 277/343/832 280/368/830 254/339/833
f 280/368/830 255/344/829 254/339/833
s 166
f 277/343/834 276/342/835 282/367/836
f 282/367/836 276/342/835 283/362/837
s 167
f 280/368/838 281/351/839 258/366/840
f 281/351/839 260/348/841 258/366/840
f 260/348/841 259/347/842 258/366/840
s 168
f 281/351/843 280/368/844 278/352/845
f 279/361/846 278/352/845 283/362/847
f 278/352/845 280/368/844 283/362/847
f 280/368/844 282/367/848 283/362/847
s 169
f 290/372/849 288/373/850 289/371/851
f 289/371/851 288/373/850 285/370/852
f 284/369/853 285/370/852 288/373/850
s 170
f 286/374/854 287/375/855 284/377/856
f 284/377/856 287/375/855 285/376/857
s 171
f 297/380/858 289/371/859 296/379/860
f 289/371/859 285/370/861 296/379/860
f 285/370/861 287/378/862 296/379/860
s 172
f 294/382/863 292/383/864 288/373/865
f 292/383/864 286/381/866 288/373/865
f 286/381/866 284/369/867 288/373/865
s 173
f 293/385/868 299/386/869 292/384/870
f 299/386/869 296/387/871 292/384/870
f 292/384/870 296/387/871 286/374/872
f 296/387/871 287/375/873 286/374/872
s 174
f 288/373/874 290/372/875 294/382/876
f 291/389/877 295/388/878 290/372/875
f 295/388/878 294/382/876 290/372/875
s off
f 293/385/879 301/390/880 299/386/881
s 175
f 292/383/882 294/382/883 293/385/884
f 295/391/885 300/392/886 294/382/883
f 293/385/884 294/382/883 301/390/887
f 294/382/883 300/392/886 301/390/887
s 177
f 289/371/888 297/393/889 290/372/890
f 298/394/891 291/389/892 297/393/889
f 290/372/890 297/393/889 291/389/892
s 178
f 300/396/893 295/391/894 298/395/895
f 298/395/895 295/391/894 291/397/896
s 179
f 296/387/897 299/386/898 297/380/899
f 298/394/900 297/380/899 300/396/901
f 300/396/901 297/380/899 301/390/902
f 297/380/899 299/386/898 301/390/902
s 181
f 310/399/903 309/400/904 302/398/905
f 302/398/905 309/400/904 325/402/906
f 309/400/904 324/401/907 325/402/906
s 182
f 304/404/908 312/405/909 303/403/910
f 312/405/909 310/399/911 303/403/910
f 303/403/910 310/399/911 302/398/912
s 183
f 307/406/913 308/407/914 318/409/915
f 318/409/915 308/407/914 320/408/916
s 184
f 305/412/917 321/413/918 326/411/919
f 326/411/919 321/413/918 329/410/920
f 320/408/921 308/407/922 321/413/918
f 308/407/922 329/410/920 321/413/918
s 185
f 323/416/923 313/417/924 317/415/925
f 313/417/924 311/414/926 317/415/925
f 317/415/925 311/414/926 304/404/927
f 311/414/926 312/405/928 304/404/927
s 186
f 315/418/929 314/419/930 309/400/931
f 314/419/930 327/420/932 309/400/931
f 327/420/932 331/421/933 309/400/931
f 331/421/933 324/401/934 309/400/931
s 187
f 322/422/935 319/423/936 314/419/937
f 319/423/936 305/412/938 314/419/937
f 327/420/939 314/419/937 326/411/940
f 314/419/937 305/412/938 326/411/940
s off
f 313/417/941 316/424/942 311/414/943
s 188
f 312/405/944 311/414/945 310/399/946
f 311/414/945 316/424/947 310/399/946
f 316/424/947 315/418/948 310/399/946
f 315/418/948 309/400/949 310/399/946
s 189
f 314/419/950 315/418/951 322/422/952
f 315/418/951 316/424/953 322/422/952
f 322/422/952 316/424/953 323/416/954
f 316/424/953 313/417/955 323/416/954
s off
f 319/423/956 321/413/957 305/412/958
s 190
f 303/403/959 306/425/960 304/404/961
f 306/425/960 307/406/962 304/404/961
f 304/404/961 307/406/962 317/415/963
f 318/409/964 317/415/963 307/406/962
s 191
f 318/409/965 320/408/966 317/415/967
f 320/408/966 321/413/968 317/415/967
f 323/416/969 317/415/967 322/422/970
f 322/422/970 317/415/967 319/423/971
f 319/423/971 317/415/967 321/413/968
s 193
f 306/425/972 303/403/973 328/427/974
f 325/402/975 330/426/976 302/398/977
f 330/426/976 328/427/974 302/398/977
f 328/427/974 303/403/973 302/398/977
s 195
f 325/402/978 324/401/979 330/426/980
f 330/426/980 324/401/979 331/421/981
s 196
f 328/427/982 329/410/983 306/425/984
f 329/410/983 308/407/985 306/425/984
f 308/407/985 307/406/986 306/425/984
s 197
f 329/410/987 328/427/988 326/411/989
f 327/420/990 326/411/989 331/421/991
f 328/427/988 330/426/992 326/411/989
f 326/411/989 330/426/992 331/421/991
s 199
f 340/429/993 339/430/994 332/428/995
f 332/428/995 339/430/994 355/432/996
f 339/430/994 354/431/997 355/432/996
s 200
f 333/433/998 334/434/999 332/428/1000
f 332/428/1000 334/434/999 340/429/1001
f 334/434/999 342/435/1002 340/429/1001
s 201
f 337/436/1003 338/437/1004 348/439/1005
f 348/439/1005 338/437/1004 350/438/1006
s 202
f 335/442/1007 351/443/1008 356/441/1009
f 356/441/1009 351/443/1008 359/440/1010
f 350/438/1011 338/437/1012 351/443/1008
f 338/437/1012 359/440/1010 351/443/1008
s 203
f 353/446/1013 343/447/1014 347/445/1015
f 343/447/1014 341/444/1016 347/445/1015
f 347/445/1015 341/444/1016 334/434/1017
f 341/444/1016 342/435/1018 334/434/1017
s 204
f 345/448/1019 344/449/1020 339/430/1021
f 339/430/1021 344/449/1020 354/431/1022
f 344/449/1020 357/450/1023 354/431/1022
f 357/450/1023 361/451/1024 354/431/1022
s 205
f 352/452/1025 349/453/1026 344/449/1027
f 349/453/1026 335/442/1028 344/449/1027
f 344/449/1027 335/442/1028 357/450/1029
f 335/442/1028 356/441/1030 357/450/1029
s off
f 343/447/1031 346/454/1032 341/444/1033
s 206
f 342/435/1034 341/444/1035 340/429/1036
f 341/444/1035 346/454/1037 340/429/1036
f 346/454/1037 345/448/1038 340/429/1036
f 345/448/1038 339/430/1039 340/429/1036
s 207
f 344/449/1040 345/448/1041 352/452/1042
f 345/448/1041 346/454/1043 352/452/1042
f 352/452/1042 346/454/1043 353/446/1044
f 346/454/1043 343/447/1045 353/446/1044
s off
f 349/453/1046 351/443/1047 335/442/1048
s 208
f 334/434/1049 333/433/1050 347/445/1051
f 333/433/1050 336/455/1052 347/445/1051
f 348/439/1053 347/445/1051 337/436/1054
f 347/445/1051 336/455/1052 337/436/1054
s 209
f 347/445/1055 348/439/1056 353/446/1057
f 353/446/1057 348/439/1056 352/452/1058
f 352/452/1058 348/439/1056 349/453/1059
f 349/453/1059 348/439/1056 351/443/1060
f 348/439/1056 350/438/1061 351/443/1060
s 210
f 336/455/1062 333/433/1063 358/457/1064
f 360/456/1065 358/457/1064 355/432/1066
f 355/432/1066 358/457/1064 332/428/1067
f 358/457/1064 333/433/1063 332/428/1067
s 212
f 355/432/1068 354/431/1069 360/456/1070
f 360/456/1070 354/431/1069 361/451/1071
s 213
f 358/457/1072 359/440/1073 336/455/1074
f 359/440/1073 338/437/1075 336/455/1074
f 338/437/1075 337/436/1076 336/455/1074
s 214
f 357/450/1077 356/441/1078 361/451/1079
f 356/441/1078 359/440/1080 361/451/1079
f 358/457/1081 360/456/1082 359/440/1080
f 359/440/1080 360/456/1082 361/451/1079
s 215
f 370/459/1083 369/460/1084 362/458/1085
f 362/458/1085 369/460/1084 385/462/1086
f 369/460/1084 384/461/1087 385/462/1086
s 216
f 363/463/1088 364/464/1089 362/458/1090
f 362/458/1090 364/464/1089 370/459/1091
f 364/464/1089 372/465/1092 370/459/1091
s 217
f 367/466/1093 368/467/1094 378/469/1095
f 378/469/1095 368/467/1094 380/468/1096
s 218
f 365/472/1097 381/473/1098 386/471/1099
f 381/473/1098 380/468/1100 386/471/1099
f 386/471/1099 380/468/1100 389/470/1101
f 368/467/1102 389/470/1101 380/468/1100
s 219
f 383/476/1103 373/477/1104 377/475/1105
f 373/477/1104 371/474/1106 377/475/1105
f 377/475/1105 371/474/1106 364/464/1107
f 371/474/1106 372/465/1108 364/464/1107
s 220
f 384/461/1109 369/460/1110 391/481/1111
f 369/460/1110 375/478/1112 391/481/1111
f 387/480/1113 391/481/1111 374/479/1114
f 375/478/1112 374/479/1114 391/481/1111
s 221
f 382/482/1115 379/483/1116 374/479/1117
f 379/483/1116 365/472/1118 374/479/1117
f 374/479/1117 365/472/1118 387/480/1119
f 365/472/1118 386/471/1120 387/480/1119
s off
f 373/477/1121 376/484/1122 371/474/1123
s 222
f 372/465/1124 371/474/1125 370/459/1126
f 370/459/1126 371/474/1125 369/460/1127
f 371/474/1125 376/484/1128 369/460/1127
f 376/484/1128 375/478/1129 369/460/1127
s 223
f 374/479/1130 375/478/1131 382/482/1132
f 375/478/1131 376/484/1133 382/482/1132
f 382/482/1132 376/484/1133 383/476/1134
f 376/484/1133 373/477/1135 383/476/1134
s off
f 379/483/1136 381/473/1137 365/472/1138
s 224
f 364/464/1139 363/463/1140 377/475/1141
f 378/469/1142 377/475/1141 367/466/1143
f 367/466/1143 377/475/1141 366/485/1144
f 377/475/1141 363/463/1140 366/485/1144
s 226
f 377/475/1145 378/469/1146 383/476/1147
f 383/476/1147 378/469/1146 382/482/1148
f 382/482/1148 378/469/1146 379/483/1149
f 379/483/1149 378/469/1146 381/473/1150
f 378/469/1146 380/468/1151 381/473/1150
s 227
f 366/485/1152 363/463/1153 388/487/1154
f 390/486/1155 388/487/1154 385/462/1156
f 363/463/1153 362/458/1157 388/487/1154
f 385/462/1156 388/487/1154 362/458/1157
s 229
f 385/462/1158 384/461/1159 390/486/1160
f 390/486/1160 384/461/1159 391/481/1161
s 230
f 389/470/1162 368/467/1163 388/487/1164
f 368/467/1163 367/466/1165 388/487/1164
f 388/487/1164 367/466/1165 366/485/1166
s 231
f 387/480/1167 386/471/1168 391/481/1169
f 386/471/1168 389/470/1170 391/481/1169
f 388/487/1171 390/486/1172 389/470/1170
f 389/470/1170 390/486/1172 391/481/1169
s 232
f 400/489/1173 399/490/1174 392/488/1175
f 392/488/1175 399/490/1174 415/492/1176
f 399/490/1174 414/491/1177 415/492/1176
s 233
f 394/494/1178 402/495/1179 393/493/1180
f 402/495/1179 400/489/1181 393/493/1180
f 393/493/1180 400/489/1181 392/488/1182
s 234
f 397/496/1183 398/497/1184 408/499/1185
f 408/499/1185 398/497/1184 410/498/1186
s 235
f 416/501/1187 395/502/1188 419/500/1189
f 395/502/1188 411/503/1190 419/500/1189
f 410/498/1191 398/497/1192 411/503/1190
f 398/497/1192 419/500/1189 411/503/1190
s 236
f 413/506/1193 403/507/1194 407/505/1195
f 407/505/1195 403/507/1194 394/494/1196
f 403/507/1194 401/504/1197 394/494/1196
f 401/504/1197 402/495/1198 394/494/1196
s 237
f 405/508/1199 404/509/1200 399/490/1201
f 404/509/1200 417/510/1202 399/490/1201
f 417/510/1202 421/511/1203 399/490/1201
f 421/511/1203 414/491/1204 399/490/1201
s 238
f 417/510/1205 404/509/1206 416/501/1207
f 404/509/1206 412/512/1208 416/501/1207
f 412/512/1208 409/513/1209 416/501/1207
f 409/513/1209 395/502/1210 416/501/1207
s off
f 403/507/1211 406/514/1212 401/504/1213
s 239
f 399/490/1214 400/489/1215 405/508/1216
f 402/495/1217 401/504/1218 400/489/1215
f 401/504/1218 406/514/1219 400/489/1215
f 406/514/1219 405/508/1216 400/489/1215
s 241
f 404/509/1220 405/508/1221 412/512/1222
f 405/508/1221 406/514/1223 412/512/1222
f 412/512/1222 406/514/1223 413/506/1224
f 406/514/1223 403/507/1225 413/506/1224
s off
f 409/513/1226 411/503/1227 395/502/1228
s 242
f 393/493/1229 396/515/1230 394/494/1231
f 396/515/1230 397/496/1232 394/494/1231
f 397/496/1232 408/499/1233 394/494/1231
f 408/499/1233 407/505/1234 394/494/1231
s 243
f 407/505/1235 408/499/1236 413/506/1237
f 413/506/1237 408/499/1236 412/512/1238
f 412/512/1238 408/499/1236 409/513/1239
f 409/513/1239 408/499/1236 411/503/1240
f 408/499/1236 410/498/1241 411/503/1240
s 244
f 396/515/1242 393/493/1243 418/517/1244
f 415/492/1245 420/516/1246 392/488/1247
f 420/516/1246 418/517/1244 392/488/1247
f 418/517/1244 393/493/1243 392/488/1247
s 246
f 415/492/1248 414/491/1249 420/516/1250
f 420/516/1250 414/491/1249 421/511/1251
s 247
f 418/517/1252 419/500/1253 396/515/1254
f 396/515/1254 419/500/1253 397/496/1255
f 419/500/1253 398/497/1256 397/496/1255
s 248
f 419/500/1257 418/517/1258 416/501/1259
f 421/511/1260 417/510/1261 420/516/1262
f 420/516/1262 417/510/1261 418/517/1258
f 416/501/1259 418/517/1258 417/510/1261
s 250
f 428/521/1263 426/522/1264 427/520/1265
f 427/520/1265 426/522/1264 423/519/1266
f 422/518/1267 423/519/1266 426/522/1264
s 251
f 424/523/1268 425/524/1269 422/526/1270
f 422/526/1270 425/524/1269 423/525/1271
s 252
f 435/529/1272 427/520/1273 434/528/1274
f 427/520/1273 423/519/1275 434/528/1274
f 423/519/1275 425/527/1276 434/528/1274
s 253
f 432/531/1277 430/532/1278 426/522/1279
f 430/532/1278 424/530/1280 426/522/1279
f 424/530/1280 422/518/1281 426/522/1279
s 254
f 431/534/1282 437/535/1283 430/533/1284
f 437/535/1283 434/536/1285 430/533/1284
f 430/533/1284 434/536/1285 424/523/1286
f 434/536/1285 425/524/1287 424/523/1286
s 255
f 426/522/1288 428/521/1289 432/531/1290
f 429/538/1291 433/537/1292 428/521/1289
f 433/537/1292 432/531/1290 428/521/1289
s off
f 431/534/1293 439/539/1294 437/535/1295
s 256
f 430/532/1296 432/531/1297 431/534/1298
f 433/540/1299 438/541/1300 432/531/1297
f 431/534/1298 432/531/1297 439/539/1301
f 432/531/1297 438/541/1300 439/539/1301
s 258
f 427/520/1302 435/542/1303 428/521/1304
f 436/543/1305 429/538/1306 435/542/1303
f 428/521/1304 435/542/1303 429/538/1306
s 259
f 438/545/1307 433/540/1308 436/544/1309
f 436/544/1309 433/540/1308 429/546/1310
s 260
f 434/536/1311 437/535/1312 435/529/1313
f 436/543/1314 435/529/1313 438/545/1315
f 438/545/1315 435/529/1313 439/539/1316
f 435/529/1313 437/535/1312 439/539/1316
